Epoch		Step		TotalStep		Det-loss		Reg-loss		TrainMode
1		50		50		1.0324		None		0
1		100		100		0.9567		None		0
1		150		150		0.9641		None		0
1		200		200		0.9407		None		0
1		250		250		0.9466		None		0
1		300		300		0.9548		None		0
1		350		350		0.9503		None		0
1		400		400		0.9539		None		0
1		450		450		0.9513		None		0
1		500		500		0.9125		None		0
1		550		550		0.9141		None		0
1		600		600		0.8878		None		0
1		650		650		0.8849		None		0
1		700		700		0.8892		None		0
1		750		750		0.8729		None		0
1		800		800		0.8654		None		0
1		850		850		0.8688		None		0
1		900		900		0.8696		None		0
1		950		950		0.8657		None		0
1		1000		1000		0.8578		None		0
1		1050		1050		0.8637		None		0
1		1100		1100		0.8680		None		0
1		1150		1150		0.8725		None		0
1		1200		1200		0.8710		None		0
1		1250		1250		0.7083		None		0
1		1300		1300		0.3710		None		0
1		1350		1350		0.2666		None		0
1		1400		1400		0.1782		None		0
1		1450		1450		0.1583		None		0
1		1500		1500		0.1267		None		0
1		1550		1550		0.2268		None		0
1		1600		1600		0.1024		None		0
1		1650		1650		0.0984		None		0
1		1700		1700		0.1005		None		0
1		1750		1750		0.0790		None		0
1		1800		1800		0.0784		None		0
1		1850		1850		0.0667		None		0
1		1900		1900		0.0699		None		0
1		1950		1950		0.1082		None		0
1		2000		2000		0.0635		None		0
1		2050		2050		0.0874		None		0
1		2100		2100		0.0606		None		0
1		2150		2150		0.0482		None		0
1		2200		2200		0.1033		None		0
1		2250		2250		0.0932		None		0
1		2300		2300		0.0769		None		0
1		2350		2350		0.0554		None		0
1		2400		2400		0.0633		None		0
1		2450		2450		0.0506		None		0
1		2500		2500		0.0839		None		0
1		2550		2550		0.0391		None		0
1		2600		2600		0.0341		None		0
1		2650		2650		0.0385		None		0
1		2700		2700		0.0536		None		0
1		2750		2750		0.0685		None		0
1		2800		2800		0.0632		None		0
1		2850		2850		0.0316		None		0
1		2900		2900		0.0320		None		0
1		2950		2950		0.0457		None		0
1		3000		3000		0.0298		None		0
1		3050		3050		0.0284		None		0
1		3100		3100		0.0457		None		0
1		3150		3150		0.0678		None		0
1		3200		3200		0.0352		None		0
1		3250		3250		0.0276		None		0
1		3300		3300		0.0289		None		0
1		3350		3350		0.0264		None		0
1		3400		3400		0.0197		None		0
1		3450		3450		0.0314		None		0
1		3500		3500		0.0596		None		0
1		3550		3550		0.0617		None		0
1		3600		3600		0.0378		None		0
1		3650		3650		0.0831		None		0
1		3700		3700		0.0279		None		0
1		3750		3750		0.0208		None		0
1		3800		3800		0.0389		None		0
1		3850		3850		0.0500		None		0
1		3900		3900		0.0297		None		0
1		3950		3950		0.0284		None		0
1		4000		4000		0.0410		None		0
1		4050		4050		0.0238		None		0
1		4100		4100		0.0507		None		0
1		4150		4150		0.0486		None		0
1		4200		4200		0.0429		None		0
1		4250		4250		0.0440		None		0
1		4300		4300		0.0395		None		0
1		4350		4350		0.0384		None		0
1		4400		4400		0.0435		None		0
1		4450		4450		0.0240		None		0
1		4500		4500		0.0238		None		0
1		4550		4550		0.0237		None		0
1		4600		4600		0.0617		None		0
1		4650		4650		0.0208		None		0
1		4700		4700		0.0457		None		0
1		4750		4750		0.0310		None		0
1		4800		4800		0.0216		None		0
1		4850		4850		0.0267		None		0
1		4900		4900		0.0207		None		0
1		4950		4950		0.0221		None		0
1		5000		5000		0.0265		None		0
1		5050		5050		0.0225		None		0
1		5100		5100		0.0295		None		0
1		5150		5150		0.0327		None		0
1		5200		5200		0.0180		None		0
1		5250		5250		0.0280		None		0
1		5300		5300		0.0193		None		0
1		5350		5350		0.0195		None		0
1		5400		5400		0.0165		None		0
1		5450		5450		0.0230		None		0
1		5500		5500		0.0267		None		0
1		5550		5550		0.0244		None		0
1		5600		5600		0.0174		None		0
1		5650		5650		0.0201		None		0
1		5700		5700		0.0211		None		0
1		5750		5750		0.0451		None		0
1		5800		5800		0.0247		None		0
1		5850		5850		0.0180		None		0
1		5900		5900		0.0241		None		0
1		5950		5950		0.0559		None		0
1		6000		6000		0.0183		None		0
1		50		50		0.9574		None		0
1		100		100		0.9380		None		0
1		150		150		0.8988		None		0
1		200		200		0.8611		None		0
1		250		250		0.8439		None		0
1		300		300		0.8430		None		0
1		350		350		0.8543		None		0
1		400		400		0.8389		None		0
1		450		450		0.8258		None		0
1		500		500		0.8542		None		0
1		550		550		0.8088		None		0
1		600		600		0.6884		None		0
1		650		650		0.6925		None		0
1		700		700		0.6780		None		0
1		750		750		0.6542		None		0
1		800		800		0.6552		None		0
1		850		850		0.6842		None		0
1		900		900		0.6412		None		0
1		950		950		0.6454		None		0
1		1000		1000		0.6480		None		0
1		1050		1050		0.6178		None		0
1		1100		1100		0.6335		None		0
1		1150		1150		0.6621		None		0
1		1200		1200		0.6048		None		0
1		1250		1250		0.6318		None		0
1		1300		1300		0.6125		None		0
1		1350		1350		0.6306		None		0
1		1400		1400		0.6271		None		0
1		1450		1450		0.6163		None		0
1		1500		1500		0.5999		None		0
1		1550		1550		0.5976		None		0
1		1600		1600		0.6309		None		0
1		1650		1650		0.6065		None		0
1		1700		1700		0.6123		None		0
1		1750		1750		0.6139		None		0
1		1800		1800		0.6215		None		0
1		1850		1850		0.6170		None		0
1		1900		1900		0.6029		None		0
1		1950		1950		0.5994		None		0
1		2000		2000		0.6216		None		0
1		2050		2050		0.5974		None		0
1		2100		2100		0.6033		None		0
1		2150		2150		0.6001		None		0
1		2200		2200		0.6031		None		0
1		2250		2250		0.5888		None		0
1		2300		2300		0.5995		None		0
1		2350		2350		0.5978		None		0
1		2400		2400		0.5993		None		0
1		2450		2450		0.6006		None		0
1		2500		2500		0.5912		None		0
1		2550		2550		0.5955		None		0
1		2600		2600		0.5961		None		0
1		2650		2650		0.5928		None		0
1		2700		2700		0.5883		None		0
1		2750		2750		0.5980		None		0
1		2800		2800		0.5992		None		0
1		2850		2850		0.5867		None		0
1		2900		2900		0.5984		None		0
1		2950		2950		0.5946		None		0
1		3000		3000		0.5905		None		0
1		3050		3050		0.5939		None		0
1		3100		3100		0.6059		None		0
1		3150		3150		0.5959		None		0
1		3200		3200		0.5837		None		0
1		3250		3250		0.5911		None		0
1		3300		3300		0.5866		None		0
1		3350		3350		0.5900		None		0
1		3400		3400		0.6006		None		0
1		3450		3450		0.5929		None		0
1		3500		3500		0.5921		None		0
1		3550		3550		0.6014		None		0
1		3600		3600		0.5870		None		0
1		3650		3650		0.5878		None		0
1		3700		3700		0.6000		None		0
1		3750		3750		0.5919		None		0
1		3800		3800		0.5790		None		0
1		3850		3850		0.5916		None		0
1		3900		3900		0.5915		None		0
1		3950		3950		0.5852		None		0
1		4000		4000		0.5819		None		0
1		4050		4050		0.5796		None		0
1		4100		4100		0.6047		None		0
1		4150		4150		0.5867		None		0
1		4200		4200		0.6256		None		0
1		4250		4250		0.6135		None		0
1		4300		4300		0.6052		None		0
1		4350		4350		0.6198		None		0
1		4400		4400		0.5838		None		0
1		4450		4450		0.6048		None		0
1		4500		4500		0.5896		None		0
1		4550		4550		0.5967		None		0
1		4600		4600		0.5880		None		0
1		4650		4650		0.5915		None		0
1		4700		4700		0.5884		None		0
1		4750		4750		0.5958		None		0
1		4800		4800		0.5849		None		0
1		4850		4850		0.5911		None		0
1		4900		4900		0.5956		None		0
1		4950		4950		0.5867		None		0
1		5000		5000		0.5826		None		0
1		5050		5050		0.5852		None		0
1		5100		5100		0.5894		None		0
1		5150		5150		0.5867		None		0
1		5200		5200		0.5888		None		0
1		5250		5250		0.5782		None		0
1		5300		5300		0.6125		None		0
1		5350		5350		0.5861		None		0
1		5400		5400		0.5866		None		0
1		5450		5450		0.5897		None		0
1		5500		5500		0.5874		None		0
1		5550		5550		0.6048		None		0
1		5600		5600		0.5771		None		0
1		5650		5650		0.5872		None		0
1		5700		5700		0.5795		None		0
1		5750		5750		0.5856		None		0
1		5800		5800		0.5956		None		0
1		5850		5850		0.5873		None		0
1		5900		5900		0.5958		None		0
1		5950		5950		0.5859		None		0
1		6000		6000		0.5872		None		0
2		50		6050		0.5917		None		0
2		100		6100		0.5878		None		0
2		150		6150		0.5878		None		0
2		200		6200		0.5914		None		0
2		250		6250		0.5820		None		0
2		300		6300		0.5814		None		0
2		350		6350		0.5881		None		0
2		400		6400		0.5744		None		0
2		450		6450		0.5811		None		0
2		500		6500		0.5864		None		0
2		550		6550		0.5838		None		0
2		600		6600		0.5585		None		0
2		650		6650		0.5920		None		0
2		700		6700		0.5738		None		0
2		750		6750		0.5895		None		0
2		800		6800		0.5835		None		0
2		850		6850		0.5812		None		0
2		900		6900		0.5853		None		0
2		950		6950		0.5868		None		0
2		1000		7000		0.5865		None		0
2		1050		7050		0.5822		None		0
2		1100		7100		0.5857		None		0
2		1150		7150		0.5800		None		0
2		1200		7200		0.5888		None		0
2		1250		7250		0.5852		None		0
2		1300		7300		0.5827		None		0
2		1350		7350		0.5793		None		0
2		1400		7400		0.5844		None		0
2		1450		7450		0.5786		None		0
2		1500		7500		0.5856		None		0
2		1550		7550		0.3952		None		0
2		1600		7600		0.1446		None		0
2		1650		7650		0.1603		None		0
2		1700		7700		0.1753		None		0
2		1750		7750		0.0601		None		0
2		1800		7800		0.0516		None		0
2		1850		7850		0.0436		None		0
2		1900		7900		0.1027		None		0
2		1950		7950		0.0602		None		0
2		2000		8000		0.1220		None		0
2		2050		8050		0.0430		None		0
2		2100		8100		0.0287		None		0
2		2150		8150		0.0646		None		0
2		2200		8200		0.0269		None		0
2		2250		8250		0.0862		None		0
2		2300		8300		0.0339		None		0
2		2350		8350		0.0304		None		0
2		2400		8400		0.0528		None		0
2		2450		8450		0.0633		None		0
2		2500		8500		0.0241		None		0
2		2550		8550		0.0239		None		0
2		2600		8600		0.0396		None		0
2		2650		8650		0.0462		None		0
2		2700		8700		0.0255		None		0
2		2750		8750		0.0441		None		0
2		2800		8800		0.0517		None		0
2		2850		8850		0.0478		None		0
2		2900		8900		0.0451		None		0
2		2950		8950		0.0272		None		0
2		3000		9000		0.0907		None		0
2		3050		9050		0.0261		None		0
2		3100		9100		0.0619		None		0
2		3150		9150		0.0335		None		0
2		3200		9200		0.0298		None		0
2		3250		9250		0.0389		None		0
2		3300		9300		0.0220		None		0
2		3350		9350		0.0355		None		0
2		3400		9400		0.0287		None		0
2		3450		9450		0.0426		None		0
2		3500		9500		0.0200		None		0
2		3550		9550		0.0322		None		0
2		3600		9600		0.0290		None		0
2		3650		9650		0.0334		None		0
2		3700		9700		0.0244		None		0
2		3750		9750		0.0251		None		0
2		3800		9800		0.0360		None		0
2		3850		9850		0.0365		None		0
2		3900		9900		0.0443		None		0
2		3950		9950		0.0281		None		0
2		4000		10000		0.0190		None		0
2		4050		10050		0.0207		None		0
2		4100		10100		0.1154		None		0
2		4150		10150		0.0273		None		0
2		4200		10200		0.0268		None		0
2		4250		10250		0.0281		None		0
2		4300		10300		0.0381		None		0
2		4350		10350		0.0883		None		0
2		4400		10400		0.0363		None		0
2		4450		10450		0.0278		None		0
2		4500		10500		0.0287		None		0
2		4550		10550		0.0244		None		0
2		4600		10600		0.0304		None		0
2		4650		10650		0.0257		None		0
2		4700		10700		0.0246		None		0
2		4750		10750		0.0271		None		0
2		4800		10800		0.0305		None		0
2		4850		10850		0.0546		None		0
2		4900		10900		0.0392		None		0
2		4950		10950		0.0330		None		0
2		5000		11000		0.0278		None		0
2		5050		11050		0.0182		None		0
2		5100		11100		0.0201		None		0
2		5150		11150		0.0366		None		0
2		5200		11200		0.0349		None		0
2		5250		11250		0.0228		None		0
2		5300		11300		0.0245		None		0
2		5350		11350		0.0262		None		0
2		5400		11400		0.0568		None		0
2		5450		11450		0.0249		None		0
2		5500		11500		0.0325		None		0
2		5550		11550		0.0403		None		0
2		5600		11600		0.0467		None		0
2		5650		11650		0.0213		None		0
2		5700		11700		0.0286		None		0
2		5750		11750		0.0500		None		0
2		5800		11800		0.0235		None		0
2		5850		11850		0.0641		None		0
2		5900		11900		0.0329		None		0
2		5950		11950		0.0791		None		0
2		6000		12000		0.0231		None		0
3		50		12050		0.0451		2.8292		1
3		100		12100		0.0233		2.7667		1
3		150		12150		0.0210		2.4625		1
3		200		12200		0.0244		2.3584		1
3		250		12250		0.0218		1.9995		1
3		300		12300		0.0288		2.0735		1
3		350		12350		0.0276		1.6018		1
3		400		12400		0.0262		1.4520		1
3		450		12450		0.0345		1.0429		1
3		500		12500		0.0351		1.0024		1
3		550		12550		0.0145		0.5925		1
3		600		12600		0.0218		0.5095		1
3		650		12650		0.0179		0.4502		1
3		700		12700		0.0275		0.2948		1
3		750		12750		0.0815		0.8844		1
3		800		12800		0.0242		0.3321		1
3		850		12850		0.0389		0.4650		1
3		900		12900		0.0279		0.3177		1
3		950		12950		0.0266		0.3632		1
3		1000		13000		0.0245		0.2079		1
3		1050		13050		0.0173		0.3490		1
3		1100		13100		0.0212		0.1171		1
3		1150		13150		0.0286		0.2127		1
3		1200		13200		0.0330		0.4895		1
3		1250		13250		0.0437		0.5309		1
3		1300		13300		0.0243		0.1321		1
3		1350		13350		0.0383		0.2305		1
3		1400		13400		0.0374		0.2246		1
3		1450		13450		0.0184		0.1636		1
3		1500		13500		0.0167		0.0750		1
3		1550		13550		0.0190		0.0841		1
3		1600		13600		0.0330		0.2102		1
3		1650		13650		0.0194		0.2525		1
3		1700		13700		0.0148		0.1363		1
3		1750		13750		0.0458		0.3378		1
3		1800		13800		0.0190		0.0652		1
3		1850		13850		0.0309		0.0385		1
3		1900		13900		0.0205		0.0774		1
3		1950		13950		0.0237		0.0780		1
3		2000		14000		0.0271		0.1168		1
3		2050		14050		0.0361		0.1069		1
3		2100		14100		0.0322		0.0561		1
3		2150		14150		0.0159		0.1747		1
3		2200		14200		0.0236		0.1394		1
3		2250		14250		0.0193		0.0277		1
3		2300		14300		0.0240		0.1347		1
3		2350		14350		0.0472		0.1607		1
3		2400		14400		0.0206		0.0366		1
3		2450		14450		0.0289		0.0703		1
3		2500		14500		0.0180		0.2477		1
3		2550		14550		0.0253		0.2076		1
3		2600		14600		0.0195		0.0852		1
3		2650		14650		0.0200		0.0611		1
3		2700		14700		0.0201		0.0967		1
3		2750		14750		0.0401		0.0989		1
3		2800		14800		0.0290		0.0199		1
3		2850		14850		0.0335		0.0310		1
3		2900		14900		0.0294		0.1178		1
3		2950		14950		0.0348		0.1077		1
3		3000		15000		0.0151		0.1944		1
3		3050		15050		0.0220		0.0392		1
3		3100		15100		0.0205		0.0529		1
3		3150		15150		0.0210		0.0384		1
3		3200		15200		0.0262		0.0377		1
3		3250		15250		0.0244		0.2355		1
3		3300		15300		0.0200		0.0170		1
3		3350		15350		0.0305		0.0797		1
3		3400		15400		0.0275		0.3108		1
3		3450		15450		0.0413		0.1589		1
3		3500		15500		0.0237		0.1341		1
3		3550		15550		0.0161		0.0388		1
3		3600		15600		0.0156		0.0118		1
3		3650		15650		0.0158		0.0065		1
3		3700		15700		0.0413		0.1023		1
3		3750		15750		0.0291		0.0156		1
3		3800		15800		0.0173		0.0150		1
3		3850		15850		0.0223		0.0858		1
3		3900		15900		0.0188		0.0441		1
3		3950		15950		0.0128		0.0351		1
3		4000		16000		0.0273		0.0164		1
3		4050		16050		0.0280		0.0970		1
3		4100		16100		0.0151		0.1469		1
3		4150		16150		0.0136		0.0757		1
3		4200		16200		0.0170		0.0846		1
3		4250		16250		0.0163		0.0861		1
3		4300		16300		0.0331		0.0246		1
3		4350		16350		0.0161		0.0066		1
3		4400		16400		0.0178		0.0137		1
3		4450		16450		0.0203		0.2292		1
3		4500		16500		0.0205		0.0107		1
3		4550		16550		0.0275		0.0210		1
3		4600		16600		0.0310		0.1107		1
3		4650		16650		0.0136		0.1722		1
3		4700		16700		0.0225		0.0250		1
3		4750		16750		0.0272		0.1681		1
3		4800		16800		0.0391		0.0890		1
3		4850		16850		0.0239		0.0507		1
3		4900		16900		0.0132		0.0118		1
3		4950		16950		0.0194		0.0311		1
3		5000		17000		0.0171		0.0050		1
3		5050		17050		0.0118		0.1073		1
3		5100		17100		0.0213		0.0281		1
3		5150		17150		0.0290		0.2339		1
3		5200		17200		0.0505		0.0810		1
3		5250		17250		0.0242		0.0179		1
3		5300		17300		0.0286		0.1478		1
3		5350		17350		0.0210		0.0622		1
3		5400		17400		0.0227		0.0147		1
3		5450		17450		0.0185		0.0190		1
3		5500		17500		0.0448		0.2989		1
3		5550		17550		0.0224		0.0801		1
3		5600		17600		0.0265		0.0629		1
3		5650		17650		0.0141		0.0455		1
3		5700		17700		0.0263		0.0275		1
3		5750		17750		0.0154		0.0154		1
3		5800		17800		0.0429		0.0126		1
3		5850		17850		0.0117		0.0155		1
3		5900		17900		0.0169		0.0699		1
3		5950		17950		0.0323		0.0074		1
3		6000		18000		0.0216		0.0540		1
4		50		18050		0.0177		0.1303		1
4		100		18100		0.0286		0.0781		1
4		150		18150		0.0296		0.0350		1
4		200		18200		0.0464		0.0511		1
4		250		18250		0.0153		0.0315		1
4		300		18300		0.0172		0.2864		1
4		350		18350		0.0455		0.0402		1
4		400		18400		0.0188		0.0142		1
4		450		18450		0.0204		0.0080		1
4		500		18500		0.0217		0.0680		1
4		550		18550		0.0185		0.0111		1
4		600		18600		0.0184		0.0946		1
4		650		18650		0.0202		0.0637		1
4		700		18700		0.0221		0.0695		1
4		750		18750		0.0154		0.0270		1
4		800		18800		0.0228		0.0063		1
4		850		18850		0.0341		0.0415		1
4		900		18900		0.0309		0.0335		1
4		950		18950		0.0299		0.1242		1
4		1000		19000		0.0301		0.0740		1
4		1050		19050		0.0247		0.0437		1
4		1100		19100		0.0272		0.0817		1
4		1150		19150		0.0410		0.0225		1
4		1200		19200		0.0200		0.0059		1
4		1250		19250		0.0168		0.0013		1
4		1300		19300		0.0271		0.0467		1
4		1350		19350		0.0160		0.0099		1
4		1400		19400		0.0205		0.0273		1
4		1450		19450		0.0171		0.0969		1
4		1500		19500		0.0281		0.0829		1
4		1550		19550		0.0396		0.0677		1
4		1600		19600		0.0494		0.3563		1
4		1650		19650		0.0198		0.1321		1
4		1700		19700		0.0235		0.0617		1
4		1750		19750		0.0157		0.0520		1
4		1800		19800		0.0202		0.0171		1
4		1850		19850		0.0134		0.0457		1
4		1900		19900		0.0307		0.0302		1
4		1950		19950		0.0108		0.0093		1
4		2000		20000		0.0338		0.1303		1
4		2050		20050		0.0244		0.0713		1
4		2100		20100		0.0332		0.0059		1
4		2150		20150		0.0195		0.0698		1
4		2200		20200		0.0243		0.1873		1
4		2250		20250		0.0205		0.1104		1
4		2300		20300		0.0198		0.0189		1
4		2350		20350		0.0216		0.0952		1
4		2400		20400		0.0159		0.0171		1
4		2450		20450		0.0208		0.0394		1
4		2500		20500		0.0177		0.0075		1
4		2550		20550		0.0202		0.0195		1
4		2600		20600		0.0191		0.0572		1
4		2650		20650		0.0196		0.1616		1
4		2700		20700		0.0380		0.0783		1
4		2750		20750		0.0241		0.0202		1
4		2800		20800		0.0098		0.0344		1
4		2850		20850		0.0205		0.0178		1
4		2900		20900		0.0163		0.0061		1
4		2950		20950		0.0179		0.1492		1
4		3000		21000		0.0104		0.0113		1
4		3050		21050		0.0220		0.0634		1
4		3100		21100		0.0146		0.0028		1
4		3150		21150		0.0092		0.0060		1
4		3200		21200		0.0185		0.0560		1
4		3250		21250		0.0155		0.0584		1
4		3300		21300		0.0184		0.0022		1
4		3350		21350		0.0300		0.0096		1
4		3400		21400		0.0164		0.0227		1
4		3450		21450		0.0184		0.0999		1
4		3500		21500		0.0151		0.0222		1
4		3550		21550		0.0275		0.0299		1
4		3600		21600		0.0094		0.0043		1
4		3650		21650		0.0185		0.0495		1
4		3700		21700		0.0159		0.0781		1
4		3750		21750		0.0142		0.0048		1
4		3800		21800		0.0148		0.0123		1
4		3850		21850		0.0185		0.0383		1
4		3900		21900		0.0187		0.0212		1
4		3950		21950		0.0249		0.0198		1
4		4000		22000		0.0258		0.0547		1
4		4050		22050		0.0096		0.0441		1
4		4100		22100		0.0518		0.0373		1
4		4150		22150		0.0256		0.0718		1
4		4200		22200		0.0134		0.0027		1
4		4250		22250		0.0144		0.0046		1
4		4300		22300		0.0455		0.1158		1
4		4350		22350		0.0216		0.0539		1
4		4400		22400		0.0226		0.0094		1
4		4450		22450		0.0212		0.0309		1
4		4500		22500		0.0227		0.0038		1
4		4550		22550		0.0161		0.0069		1
4		4600		22600		0.0184		0.0096		1
4		4650		22650		0.0303		0.1099		1
4		4700		22700		0.0210		0.0583		1
4		4750		22750		0.0195		0.0154		1
4		4800		22800		0.0255		0.0144		1
4		4850		22850		0.0166		0.0090		1
4		4900		22900		0.0161		0.0009		1
4		4950		22950		0.0239		0.0611		1
4		5000		23000		0.0159		0.0085		1
4		5050		23050		0.0136		0.0026		1
4		5100		23100		0.0176		0.0037		1
4		5150		23150		0.0175		0.0070		1
4		5200		23200		0.0253		0.0016		1
4		5250		23250		0.0151		0.0087		1
4		5300		23300		0.0314		0.0220		1
4		5350		23350		0.0328		0.0827		1
4		5400		23400		0.0165		0.0059		1
4		5450		23450		0.0105		0.0028		1
4		5500		23500		0.0407		0.0165		1
4		5550		23550		0.0167		0.0005		1
4		5600		23600		0.0162		0.0707		1
4		5650		23650		0.0200		0.0091		1
4		5700		23700		0.0266		0.0725		1
4		5750		23750		0.0241		0.1804		1
4		5800		23800		0.0179		0.0872		1
4		5850		23850		0.0116		0.0908		1
4		5900		23900		0.0124		0.0185		1
4		5950		23950		0.0143		0.0032		1
4		6000		24000		0.0298		0.0042		1
5		50		24050		0.0174		0.0215		1
5		100		24100		0.0189		0.0809		1
5		150		24150		0.0125		0.0255		1
5		200		24200		0.0267		0.0550		1
5		250		24250		0.0270		0.0699		1
5		300		24300		0.0106		0.0036		1
5		350		24350		0.0250		0.1640		1
5		400		24400		0.0162		0.0366		1
5		450		24450		0.0190		0.0092		1
5		500		24500		0.0155		0.0155		1
5		550		24550		0.0247		0.1550		1
5		600		24600		0.0286		0.0308		1
5		650		24650		0.0266		0.0225		1
5		700		24700		0.0153		0.0028		1
5		750		24750		0.0107		0.0917		1
5		800		24800		0.0126		0.0102		1
5		850		24850		0.0170		0.0046		1
5		900		24900		0.0811		0.3929		1
5		950		24950		0.0091		0.0023		1
5		1000		25000		0.0158		0.0005		1
5		1050		25050		0.0201		0.0817		1
5		1100		25100		0.0282		0.0042		1
5		1150		25150		0.0150		0.0159		1
5		1200		25200		0.0277		0.0050		1
5		1250		25250		0.0332		0.0064		1
5		1300		25300		0.0184		0.0858		1
5		1350		25350		0.0156		0.0019		1
5		1400		25400		0.0210		0.0035		1
5		1450		25450		0.0426		0.0718		1
5		1500		25500		0.0292		0.0061		1
5		1550		25550		0.0262		0.0179		1
5		1600		25600		0.0096		0.0029		1
5		1650		25650		0.0163		0.0155		1
5		1700		25700		0.0140		0.0038		1
5		1750		25750		0.0211		0.1376		1
5		1800		25800		0.0117		0.0034		1
5		1850		25850		0.0251		0.1585		1
5		1900		25900		0.0446		0.0348		1
5		1950		25950		0.0123		0.0409		1
5		2000		26000		0.0140		0.0115		1
5		2050		26050		0.0098		0.0979		1
5		2100		26100		0.0283		0.0046		1
5		2150		26150		0.0152		0.0094		1
5		2200		26200		0.0216		0.0044		1
5		2250		26250		0.0134		0.0158		1
5		2300		26300		0.0132		0.0140		1
5		2350		26350		0.0133		0.0095		1
5		2400		26400		0.0209		0.0147		1
5		2450		26450		0.0141		0.0142		1
5		2500		26500		0.0151		0.0364		1
5		2550		26550		0.0157		0.0327		1
5		2600		26600		0.0181		0.0214		1
5		2650		26650		0.0094		0.0384		1
5		2700		26700		0.0191		0.0183		1
5		2750		26750		0.0143		0.0089		1
5		2800		26800		0.0188		0.0025		1
5		2850		26850		0.0149		0.0812		1
5		2900		26900		0.0303		0.0050		1
5		2950		26950		0.0175		0.0194		1
5		3000		27000		0.0217		0.0047		1
5		3050		27050		0.0199		0.0791		1
5		3100		27100		0.0216		0.0148		1
5		3150		27150		0.0130		0.0012		1
5		3200		27200		0.0100		0.0079		1
5		3250		27250		0.0142		0.0245		1
5		3300		27300		0.0245		0.0053		1
5		3350		27350		0.0146		0.1448		1
5		3400		27400		0.0078		0.0020		1
5		3450		27450		0.0212		0.0102		1
5		3500		27500		0.0179		0.0281		1
5		3550		27550		0.0178		0.0021		1
5		3600		27600		0.0155		0.0032		1
5		3650		27650		0.0257		0.0285		1
5		3700		27700		0.0251		0.0545		1
5		3750		27750		0.0173		0.0077		1
5		3800		27800		0.0186		0.1933		1
5		3850		27850		0.0109		0.0007		1
5		3900		27900		0.0326		0.0567		1
5		3950		27950		0.0119		0.1010		1
5		4000		28000		0.0137		0.0031		1
5		4050		28050		0.0215		0.0999		1
5		4100		28100		0.0184		0.1202		1
5		4150		28150		0.0276		0.0775		1
5		4200		28200		0.0139		0.0052		1
5		4250		28250		0.0109		0.0299		1
5		4300		28300		0.0067		0.0496		1
5		4350		28350		0.0201		0.0052		1
5		4400		28400		0.0210		0.0172		1
5		4450		28450		0.0114		0.0620		1
5		4500		28500		0.0549		0.0076		1
5		4550		28550		0.0157		0.0171		1
5		4600		28600		0.0260		0.0601		1
5		4650		28650		0.0143		0.0035		1
5		4700		28700		0.0215		0.0802		1
5		4750		28750		0.0148		0.0101		1
5		4800		28800		0.0136		0.0269		1
5		4850		28850		0.0145		0.0407		1
5		4900		28900		0.0137		0.0322		1
5		4950		28950		0.0118		0.1059		1
5		5000		29000		0.0402		0.1651		1
5		5050		29050		0.0107		0.1957		1
5		5100		29100		0.0594		0.1874		1
5		5150		29150		0.0142		0.0523		1
5		5200		29200		0.0198		0.0108		1
5		5250		29250		0.0151		0.0222		1
5		5300		29300		0.0165		0.0085		1
5		5350		29350		0.0217		0.0051		1
5		5400		29400		0.0137		0.0072		1
5		5450		29450		0.0152		0.0205		1
5		5500		29500		0.0153		0.0014		1
5		5550		29550		0.0285		0.0365		1
5		5600		29600		0.0114		0.0039		1
5		5650		29650		0.0103		0.0125		1
5		5700		29700		0.0246		0.3565		1
5		5750		29750		0.0208		0.0049		1
5		5800		29800		0.0171		0.0030		1
5		5850		29850		0.0148		0.0090		1
5		5900		29900		0.0160		0.0423		1
5		5950		29950		0.0304		0.0055		1
5		6000		30000		0.0212		0.0025		1
6		50		30050		0.0279		0.0532		1
6		100		30100		0.0159		0.0059		1
6		150		30150		0.0119		0.0171		1
6		200		30200		0.0209		0.0671		1
6		250		30250		0.0211		0.0081		1
6		300		30300		0.0098		0.0027		1
6		350		30350		0.0105		0.0161		1
6		400		30400		0.0130		0.1442		1
6		450		30450		0.0248		0.0149		1
6		500		30500		0.0120		0.0030		1
6		550		30550		0.0154		0.0225		1
6		600		30600		0.0218		0.0025		1
6		650		30650		0.0120		0.0024		1
6		700		30700		0.0135		0.1696		1
6		750		30750		0.0126		0.0403		1
6		800		30800		0.0113		0.0497		1
6		850		30850		0.0171		0.0020		1
6		900		30900		0.0138		0.0023		1
6		950		30950		0.0177		0.0041		1
6		1000		31000		0.0191		0.0587		1
6		1050		31050		0.0228		0.0158		1
6		1100		31100		0.0238		0.0224		1
6		1150		31150		0.0262		0.1569		1
6		1200		31200		0.0238		0.0229		1
6		1250		31250		0.0135		0.0035		1
6		1300		31300		0.0121		0.1149		1
6		1350		31350		0.0322		0.0224		1
6		1400		31400		0.0199		0.0037		1
6		1450		31450		0.0206		0.0095		1
6		1500		31500		0.0109		0.0039		1
6		1550		31550		0.0116		0.0022		1
6		1600		31600		0.0215		0.0096		1
6		1650		31650		0.0442		0.0415		1
6		1700		31700		0.0379		0.0171		1
6		1750		31750		0.0189		0.0014		1
6		1800		31800		0.0175		0.0024		1
6		1850		31850		0.0905		0.0344		1
6		1900		31900		0.0292		0.0127		1
6		1950		31950		0.0140		0.0035		1
6		2000		32000		0.0194		0.0745		1
6		2050		32050		0.0176		0.0025		1
6		2100		32100		0.0145		0.0046		1
6		2150		32150		0.0222		0.0623		1
6		2200		32200		0.0138		0.0072		1
6		2250		32250		0.0093		0.0020		1
6		2300		32300		0.0176		0.0901		1
6		2350		32350		0.0146		0.0046		1
6		2400		32400		0.0114		0.0031		1
6		2450		32450		0.0179		0.0013		1
6		2500		32500		0.0223		0.0091		1
6		2550		32550		0.0125		0.0047		1
6		2600		32600		0.0200		0.0160		1
6		2650		32650		0.0310		0.0294		1
6		2700		32700		0.0175		0.0036		1
6		2750		32750		0.0157		0.0055		1
6		2800		32800		0.0233		0.0044		1
6		2850		32850		0.0157		0.0265		1
6		2900		32900		0.0090		0.0515		1
6		2950		32950		0.0145		0.0050		1
6		3000		33000		0.0180		0.0016		1
6		3050		33050		0.0279		0.0698		1
6		3100		33100		0.0223		0.0468		1
6		3150		33150		0.0106		0.0182		1
6		3200		33200		0.0144		0.0035		1
6		3250		33250		0.0134		0.0820		1
6		3300		33300		0.0114		0.0138		1
6		3350		33350		0.0155		0.0397		1
6		3400		33400		0.0182		0.0557		1
6		3450		33450		0.0194		0.0394		1
6		3500		33500		0.0163		0.0041		1
6		3550		33550		0.0160		0.0051		1
6		3600		33600		0.0223		0.0270		1
6		3650		33650		0.0179		0.0030		1
6		3700		33700		0.0130		0.0713		1
6		3750		33750		0.0083		0.0072		1
6		3800		33800		0.0179		0.0266		1
6		3850		33850		0.0074		0.0143		1
6		3900		33900		0.0169		0.0967		1
6		3950		33950		0.0215		0.0031		1
6		4000		34000		0.0114		0.0041		1
6		4050		34050		0.0250		0.0083		1
6		4100		34100		0.0290		0.1866		1
6		4150		34150		0.0191		0.0125		1
6		4200		34200		0.0172		0.0061		1
6		4250		34250		0.0265		0.0172		1
6		4300		34300		0.0223		0.0189		1
6		4350		34350		0.0259		0.0380		1
6		4400		34400		0.0159		0.0072		1
6		4450		34450		0.0174		0.0180		1
6		4500		34500		0.0100		0.0010		1
6		4550		34550		0.0166		0.0382		1
6		4600		34600		0.0118		0.0022		1
6		4650		34650		0.0151		0.0173		1
6		4700		34700		0.0195		0.2597		1
6		4750		34750		0.0104		0.0142		1
6		4800		34800		0.0191		0.1249		1
6		4850		34850		0.0171		0.1301		1
6		4900		34900		0.0193		0.0016		1
6		4950		34950		0.0191		0.0574		1
6		5000		35000		0.0157		0.0402		1
6		5050		35050		0.0167		0.0073		1
6		5100		35100		0.0142		0.0291		1
6		5150		35150		0.0155		0.1210		1
6		5200		35200		0.0151		0.0419		1
6		5250		35250		0.0110		0.0038		1
6		5300		35300		0.0159		0.0006		1
6		5350		35350		0.0114		0.0025		1
6		5400		35400		0.0212		0.0046		1
6		5450		35450		0.0236		0.0515		1
6		5500		35500		0.0139		0.0018		1
6		5550		35550		0.0129		0.0024		1
6		5600		35600		0.0116		0.0855		1
6		5650		35650		0.0250		0.1143		1
6		5700		35700		0.0182		0.0377		1
6		5750		35750		0.0180		0.0038		1
6		5800		35800		0.0121		0.0112		1
6		5850		35850		0.0165		0.0402		1
6		5900		35900		0.0261		0.4147		1
6		5950		35950		0.0128		0.0072		1
6		6000		36000		0.0203		0.0088		1
7		50		36050		0.0160		0.0046		1
7		100		36100		0.0274		0.2217		1
7		150		36150		0.0162		0.0078		1
7		200		36200		0.0086		0.0048		1
7		250		36250		0.0150		0.0013		1
7		300		36300		0.0120		0.0020		1
7		350		36350		0.0133		0.0115		1
7		400		36400		0.0186		0.0199		1
7		450		36450		0.0116		0.0040		1
7		500		36500		0.0194		0.0693		1
7		550		36550		0.0188		0.0047		1
7		600		36600		0.0222		0.0249		1
7		650		36650		0.0214		0.0345		1
7		700		36700		0.0159		0.0955		1
7		750		36750		0.0169		0.2653		1
7		800		36800		0.0139		0.0036		1
7		850		36850		0.0153		0.0232		1
7		900		36900		0.0125		0.0105		1
7		950		36950		0.0850		0.3964		1
7		1000		37000		0.0228		0.1010		1
7		1050		37050		0.0107		0.0236		1
7		1100		37100		0.0132		0.0921		1
7		1150		37150		0.0114		0.0058		1
7		1200		37200		0.0140		0.0391		1
7		1250		37250		0.0224		0.0164		1
7		1300		37300		0.0185		0.0031		1
7		1350		37350		0.0248		0.0845		1
7		1400		37400		0.0349		0.0896		1
7		1450		37450		0.0137		0.0025		1
7		1500		37500		0.0182		0.0587		1
7		1550		37550		0.0141		0.0214		1
7		1600		37600		0.0309		0.1034		1
7		1650		37650		0.0151		0.0041		1
7		1700		37700		0.0149		0.0188		1
7		1750		37750		0.0237		0.0298		1
7		1800		37800		0.0114		0.0038		1
7		1850		37850		0.0227		0.0402		1
7		1900		37900		0.0140		0.0637		1
7		1950		37950		0.0106		0.0128		1
7		2000		38000		0.0159		0.0147		1
7		2050		38050		0.0231		0.0229		1
7		2100		38100		0.0227		0.0029		1
7		2150		38150		0.0214		0.0519		1
7		2200		38200		0.0113		0.0015		1
7		2250		38250		0.0190		0.0080		1
7		2300		38300		0.0130		0.0071		1
7		2350		38350		0.0158		0.0503		1
7		2400		38400		0.0156		0.0633		1
7		2450		38450		0.0147		0.1172		1
7		2500		38500		0.0104		0.0912		1
7		2550		38550		0.0380		0.0520		1
7		2600		38600		0.0160		0.0601		1
7		2650		38650		0.0152		0.0011		1
7		2700		38700		0.0211		0.0172		1
7		2750		38750		0.0126		0.1021		1
7		2800		38800		0.0132		0.0175		1
7		2850		38850		0.0278		0.0309		1
7		2900		38900		0.0114		0.0064		1
7		2950		38950		0.0209		0.0993		1
7		3000		39000		0.0102		0.0009		1
7		3050		39050		0.0230		0.0570		1
7		3100		39100		0.0244		0.0561		1
7		3150		39150		0.0196		0.0198		1
7		3200		39200		0.0106		0.0133		1
7		3250		39250		0.0184		0.0182		1
7		3300		39300		0.0139		0.0371		1
7		3350		39350		0.0164		0.0015		1
7		3400		39400		0.0111		0.1346		1
7		3450		39450		0.0167		0.0108		1
7		3500		39500		0.0137		0.0282		1
7		3550		39550		0.0203		0.0092		1
7		3600		39600		0.0109		0.0058		1
7		3650		39650		0.0225		0.0498		1
7		3700		39700		0.0212		0.0133		1
7		3750		39750		0.0129		0.0809		1
7		3800		39800		0.0183		0.0087		1
7		3850		39850		0.0223		0.0182		1
7		3900		39900		0.0093		0.0483		1
7		3950		39950		0.0275		0.0079		1
7		4000		40000		0.0189		0.0578		1
7		4050		40050		0.0191		0.0174		1
7		4100		40100		0.0130		0.0065		1
7		4150		40150		0.0155		0.0013		1
7		4200		40200		0.0175		0.0040		1
7		4250		40250		0.0334		0.0174		1
7		4300		40300		0.0180		0.0040		1
7		4350		40350		0.0229		0.0858		1
7		4400		40400		0.0406		0.0011		1
7		4450		40450		0.0133		0.0041		1
7		4500		40500		0.0112		0.0018		1
7		4550		40550		0.0130		0.0353		1
7		4600		40600		0.0150		0.0048		1
7		4650		40650		0.0551		0.1219		1
7		4700		40700		0.0212		0.3327		1
7		4750		40750		0.0062		0.0058		1
7		4800		40800		0.0159		0.0145		1
7		4850		40850		0.0115		0.0044		1
7		4900		40900		0.0114		0.0057		1
7		4950		40950		0.0183		0.0041		1
7		5000		41000		0.0178		0.0243		1
7		5050		41050		0.0154		0.0580		1
7		5100		41100		0.0211		0.0131		1
7		5150		41150		0.0124		0.0119		1
7		5200		41200		0.0147		0.0084		1
7		5250		41250		0.0138		0.0485		1
7		5300		41300		0.0131		0.0158		1
7		5350		41350		0.0214		0.0144		1
7		5400		41400		0.0129		0.0057		1
7		5450		41450		0.0149		0.0113		1
7		5500		41500		0.0157		0.0027		1
7		5550		41550		0.0205		0.0022		1
7		5600		41600		0.0109		0.0028		1
7		5650		41650		0.0168		0.0012		1
7		5700		41700		0.0199		0.0020		1
7		5750		41750		0.0122		0.0139		1
7		5800		41800		0.0168		0.0024		1
7		5850		41850		0.0107		0.0024		1
7		5900		41900		0.0128		0.0102		1
7		5950		41950		0.0139		0.0106		1
7		6000		42000		0.0131		0.0689		1
8		50		42050		0.0090		0.0020		1
8		100		42100		0.0206		0.0685		1
8		150		42150		0.0192		0.1067		1
8		200		42200		0.0124		0.1453		1
8		250		42250		0.0162		0.0320		1
8		300		42300		0.0236		0.3694		1
8		350		42350		0.0175		0.0580		1
8		400		42400		0.0078		0.0045		1
8		450		42450		0.0284		0.0256		1
8		500		42500		0.0126		0.0048		1
8		550		42550		0.0217		0.0137		1
8		600		42600		0.0280		0.0570		1
8		650		42650		0.0102		0.0011		1
8		700		42700		0.0092		0.0281		1
8		750		42750		0.0266		0.0082		1
8		800		42800		0.0137		0.0093		1
8		850		42850		0.0101		0.0024		1
8		900		42900		0.0133		0.0066		1
8		950		42950		0.0109		0.0048		1
8		1000		43000		0.0163		0.0045		1
8		1050		43050		0.0087		0.0010		1
8		1100		43100		0.0089		0.0009		1
8		1150		43150		0.0228		0.0083		1
8		1200		43200		0.0151		0.0025		1
8		1250		43250		0.0088		0.0156		1
8		1300		43300		0.0153		0.0199		1
8		1350		43350		0.0267		0.0971		1
8		1400		43400		0.0145		0.0186		1
8		1450		43450		0.0187		0.0724		1
8		1500		43500		0.0154		0.0041		1
8		1550		43550		0.0148		0.0270		1
8		1600		43600		0.0159		0.0012		1
8		1650		43650		0.0223		0.2023		1
8		1700		43700		0.0143		0.0070		1
8		1750		43750		0.0272		0.0028		1
8		1800		43800		0.0264		0.0156		1
8		1850		43850		0.0228		0.0183		1
8		1900		43900		0.0171		0.0034		1
8		1950		43950		0.0193		0.1243		1
8		2000		44000		0.0324		0.0387		1
8		2050		44050		0.0136		0.0022		1
8		2100		44100		0.0118		0.0045		1
8		2150		44150		0.0105		0.0023		1
8		2200		44200		0.0165		0.0042		1
8		2250		44250		0.0153		0.0433		1
8		2300		44300		0.0138		0.0520		1
8		2350		44350		0.0134		0.0087		1
8		2400		44400		0.0085		0.0038		1
8		2450		44450		0.0149		0.0781		1
8		2500		44500		0.0133		0.0029		1
8		2550		44550		0.0142		0.0013		1
8		2600		44600		0.0165		0.0076		1
8		2650		44650		0.0086		0.0012		1
8		2700		44700		0.0296		0.1117		1
8		2750		44750		0.0122		0.0027		1
8		2800		44800		0.0158		0.0062		1
8		2850		44850		0.0209		0.0181		1
8		2900		44900		0.0243		0.2193		1
8		2950		44950		0.0197		0.0692		1
8		3000		45000		0.0180		0.0130		1
8		3050		45050		0.0077		0.0011		1
8		3100		45100		0.0126		0.0004		1
8		3150		45150		0.0162		0.0215		1
8		3200		45200		0.0082		0.0015		1
8		3250		45250		0.0094		0.0036		1
8		3300		45300		0.0098		0.0022		1
8		3350		45350		0.0187		0.0516		1
8		3400		45400		0.0098		0.0196		1
8		3450		45450		0.0208		0.1036		1
8		3500		45500		0.0148		0.0106		1
8		3550		45550		0.0090		0.0276		1
8		3600		45600		0.0105		0.0019		1
8		3650		45650		0.0179		0.1001		1
8		3700		45700		0.0118		0.0059		1
8		3750		45750		0.0115		0.0008		1
8		3800		45800		0.0122		0.0010		1
8		3850		45850		0.0102		0.0045		1
8		3900		45900		0.0272		0.0055		1
8		3950		45950		0.0146		0.0041		1
8		4000		46000		0.0171		0.1601		1
8		4050		46050		0.0163		0.0731		1
8		4100		46100		0.0138		0.0126		1
8		4150		46150		0.0115		0.0090		1
8		4200		46200		0.0250		0.5608		1
8		4250		46250		0.0130		0.0043		1
8		4300		46300		0.0171		0.0178		1
8		4350		46350		0.0123		0.0045		1
8		4400		46400		0.0115		0.0006		1
8		4450		46450		0.0138		0.0153		1
8		4500		46500		0.0137		0.0054		1
8		4550		46550		0.0225		0.0625		1
8		4600		46600		0.0113		0.0155		1
8		4650		46650		0.0207		0.0008		1
8		4700		46700		0.0193		0.0087		1
8		4750		46750		0.0241		0.2280		1
8		4800		46800		0.0130		0.0030		1
8		4850		46850		0.0252		0.4538		1
8		4900		46900		0.0098		0.0039		1
8		4950		46950		0.0168		0.0450		1
8		5000		47000		0.0134		0.1031		1
8		5050		47050		0.0237		0.1120		1
8		5100		47100		0.0152		0.0031		1
8		5150		47150		0.0153		0.0311		1
8		5200		47200		0.0085		0.0039		1
8		5250		47250		0.0277		0.2976		1
8		5300		47300		0.0178		0.0047		1
8		5350		47350		0.0182		0.0366		1
8		5400		47400		0.0126		0.0611		1
8		5450		47450		0.0148		0.0107		1
8		5500		47500		0.0195		0.0100		1
8		5550		47550		0.0178		0.1298		1
8		5600		47600		0.0178		0.0037		1
8		5650		47650		0.0147		0.0220		1
8		5700		47700		0.0164		0.0208		1
8		5750		47750		0.0163		0.0196		1
8		5800		47800		0.0142		0.0098		1
8		5850		47850		0.0146		0.0413		1
8		5900		47900		0.0087		0.0141		1
8		5950		47950		0.0123		0.0100		1
8		6000		48000		0.0184		0.0022		1
9		50		48050		0.0177		0.0445		1
9		100		48100		0.0207		0.0966		1
9		150		48150		0.0211		0.0243		1
9		200		48200		0.0195		0.0097		1
9		250		48250		0.0156		0.0280		1
9		300		48300		0.0218		0.2015		1
9		350		48350		0.0216		0.1156		1
9		400		48400		0.0090		0.0039		1
9		450		48450		0.0157		0.1346		1
9		500		48500		0.0155		0.1079		1
9		550		48550		0.0197		0.0081		1
9		600		48600		0.0223		0.0121		1
9		650		48650		0.0147		0.0482		1
9		700		48700		0.0276		0.1199		1
9		750		48750		0.0344		0.1405		1
9		800		48800		0.0334		0.0417		1
9		850		48850		0.0130		0.0195		1
9		900		48900		0.0128		0.0726		1
9		950		48950		0.0132		0.0106		1
9		1000		49000		0.0272		0.0775		1
9		1050		49050		0.0098		0.0036		1
9		1100		49100		0.0113		0.0109		1
9		1150		49150		0.0344		0.2534		1
9		1200		49200		0.0108		0.0027		1
9		1250		49250		0.0161		0.0590		1
9		1300		49300		0.0118		0.0015		1
9		1350		49350		0.0154		0.0412		1
9		1400		49400		0.0100		0.1195		1
9		1450		49450		0.0157		0.0043		1
9		1500		49500		0.0127		0.0025		1
9		1550		49550		0.0221		0.0090		1
9		1600		49600		0.0134		0.0893		1
9		1650		49650		0.0127		0.0016		1
9		1700		49700		0.0218		0.2516		1
9		1750		49750		0.0161		0.0218		1
9		1800		49800		0.0100		0.0020		1
9		1850		49850		0.0082		0.0727		1
9		1900		49900		0.0151		0.0424		1
9		1950		49950		0.0138		0.0708		1
9		2000		50000		0.0188		0.0010		1
9		2050		50050		0.0141		0.0344		1
9		2100		50100		0.0184		0.0114		1
9		2150		50150		0.0166		0.0293		1
9		2200		50200		0.0141		0.0098		1
9		2250		50250		0.0127		0.0096		1
9		2300		50300		0.0196		0.0020		1
9		2350		50350		0.0145		0.0307		1
9		2400		50400		0.0145		0.0129		1
9		2450		50450		0.0074		0.0495		1
9		2500		50500		0.0125		0.0047		1
9		2550		50550		0.0201		0.0010		1
9		2600		50600		0.0147		0.0115		1
9		2650		50650		0.0111		0.0038		1
9		2700		50700		0.0108		0.0017		1
9		2750		50750		0.0137		0.0112		1
9		2800		50800		0.0277		0.1862		1
9		2850		50850		0.0260		0.0216		1
9		2900		50900		0.0186		0.0038		1
9		2950		50950		0.0137		0.0019		1
9		3000		51000		0.0185		0.0078		1
9		3050		51050		0.0128		0.0048		1
9		3100		51100		0.0166		0.0096		1
9		3150		51150		0.0191		0.0192		1
9		3200		51200		0.0198		0.0170		1
9		3250		51250		0.0116		0.0093		1
9		3300		51300		0.0238		0.0141		1
9		3350		51350		0.0096		0.0235		1
9		3400		51400		0.0152		0.0854		1
9		3450		51450		0.0186		0.0037		1
9		3500		51500		0.0170		0.0173		1
9		3550		51550		0.0133		0.0275		1
9		3600		51600		0.0289		0.0274		1
9		3650		51650		0.0078		0.0018		1
9		3700		51700		0.0151		0.0199		1
9		3750		51750		0.0144		0.0022		1
9		3800		51800		0.0109		0.0007		1
9		3850		51850		0.0108		0.0074		1
9		3900		51900		0.0236		0.0027		1
9		3950		51950		0.0205		0.0045		1
9		4000		52000		0.0121		0.0080		1
9		4050		52050		0.0131		0.0167		1
9		4100		52100		0.0141		0.0078		1
9		4150		52150		0.0307		0.0928		1
9		4200		52200		0.0229		0.0290		1
9		4250		52250		0.0143		0.0306		1
9		4300		52300		0.0132		0.0246		1
9		4350		52350		0.0139		0.0082		1
9		4400		52400		0.0194		0.0054		1
9		4450		52450		0.0164		0.0024		1
9		4500		52500		0.0156		0.0430		1
9		4550		52550		0.0145		0.0084		1
9		4600		52600		0.0114		0.0240		1
9		4650		52650		0.0158		0.0059		1
9		4700		52700		0.0163		0.0568		1
9		4750		52750		0.0193		0.0747		1
9		4800		52800		0.0176		0.0052		1
9		4850		52850		0.0309		0.0625		1
9		4900		52900		0.0195		0.1105		1
9		4950		52950		0.0172		0.0158		1
9		5000		53000		0.0125		0.0021		1
9		5050		53050		0.0154		0.0033		1
9		5100		53100		0.0074		0.0259		1
9		5150		53150		0.0489		0.3204		1
9		5200		53200		0.0396		0.1042		1
9		5250		53250		0.0100		0.0184		1
9		5300		53300		0.0126		0.0235		1
9		5350		53350		0.0226		0.0337		1
9		5400		53400		0.0189		0.0059		1
9		5450		53450		0.0122		0.0241		1
9		5500		53500		0.0096		0.0028		1
9		5550		53550		0.0175		0.0077		1
9		5600		53600		0.0132		0.0019		1
9		5650		53650		0.0222		0.0270		1
9		5700		53700		0.0135		0.0135		1
9		5750		53750		0.0111		0.0020		1
9		5800		53800		0.0124		0.0096		1
9		5850		53850		0.0169		0.0007		1
9		5900		53900		0.0141		0.0039		1
9		5950		53950		0.0085		0.0010		1
9		6000		54000		0.0187		0.0031		1
10		50		54050		0.0134		0.0170		1
10		100		54100		0.0155		0.0152		1
10		150		54150		0.0126		0.0095		1
10		200		54200		0.0168		0.0044		1
10		250		54250		0.0199		0.1632		1
10		300		54300		0.0121		0.0088		1
10		350		54350		0.0103		0.0041		1
10		400		54400		0.0199		0.0115		1
10		450		54450		0.0096		0.0044		1
10		500		54500		0.0098		0.0100		1
10		550		54550		0.0222		0.0766		1
10		600		54600		0.0114		0.0030		1
10		650		54650		0.0132		0.0102		1
10		700		54700		0.0144		0.0017		1
10		750		54750		0.0121		0.0030		1
10		800		54800		0.0246		0.0226		1
10		850		54850		0.0326		0.1840		1
10		900		54900		0.0204		0.0085		1
10		950		54950		0.0193		0.0556		1
10		1000		55000		0.0175		0.0035		1
10		1050		55050		0.0170		0.0173		1
10		1100		55100		0.0155		0.0377		1
10		1150		55150		0.0118		0.0760		1
10		1200		55200		0.0178		0.0033		1
10		1250		55250		0.0133		0.0038		1
10		1300		55300		0.0094		0.0025		1
10		1350		55350		0.0227		0.0777		1
10		1400		55400		0.0133		0.0245		1
10		1450		55450		0.0193		0.0401		1
10		1500		55500		0.0211		0.0484		1
10		1550		55550		0.0132		0.0017		1
10		1600		55600		0.0176		0.0046		1
10		1650		55650		0.0166		0.0025		1
10		1700		55700		0.0097		0.0090		1
10		1750		55750		0.0130		0.0027		1
10		1800		55800		0.0161		0.0020		1
10		1850		55850		0.0165		0.0067		1
10		1900		55900		0.0187		0.0121		1
10		1950		55950		0.0140		0.0722		1
10		2000		56000		0.0178		0.0133		1
10		2050		56050		0.0083		0.0103		1
10		2100		56100		0.0235		0.4031		1
10		2150		56150		0.0178		0.0314		1
10		2200		56200		0.0162		0.0112		1
10		2250		56250		0.0282		0.0043		1
10		2300		56300		0.0150		0.0303		1
10		2350		56350		0.0105		0.0030		1
10		2400		56400		0.0151		0.0047		1
10		2450		56450		0.0124		0.0069		1
10		2500		56500		0.0165		0.0029		1
10		2550		56550		0.0106		0.0012		1
10		2600		56600		0.0161		0.0582		1
10		2650		56650		0.0094		0.0234		1
10		2700		56700		0.0098		0.0187		1
10		2750		56750		0.0135		0.1433		1
10		2800		56800		0.0198		0.0030		1
10		2850		56850		0.0189		0.0055		1
10		2900		56900		0.0171		0.0141		1
10		2950		56950		0.0134		0.0028		1
10		3000		57000		0.0668		0.1425		1
10		3050		57050		0.0236		0.0109		1
10		3100		57100		0.0210		0.1039		1
10		3150		57150		0.0130		0.0165		1
10		3200		57200		0.0090		0.0010		1
10		3250		57250		0.0147		0.0072		1
10		3300		57300		0.0111		0.1572		1
10		3350		57350		0.0184		0.0221		1
10		3400		57400		0.0274		0.0211		1
10		3450		57450		0.0132		0.0185		1
10		3500		57500		0.0128		0.1257		1
10		3550		57550		0.0089		0.0379		1
10		3600		57600		0.0127		0.0992		1
10		3650		57650		0.0183		0.0023		1
10		3700		57700		0.0129		0.0641		1
10		3750		57750		0.0147		0.0014		1
10		3800		57800		0.0140		0.0011		1
10		3850		57850		0.0149		0.0455		1
10		3900		57900		0.0106		0.0067		1
10		3950		57950		0.0254		0.0524		1
10		4000		58000		0.0280		0.0221		1
10		4050		58050		0.0157		0.0470		1
10		4100		58100		0.0175		0.0026		1
10		4150		58150		0.0118		0.0075		1
10		4200		58200		0.0319		0.1517		1
10		4250		58250		0.0243		0.0178		1
10		4300		58300		0.0148		0.1001		1
10		4350		58350		0.0141		0.0248		1
10		4400		58400		0.0126		0.0063		1
10		4450		58450		0.0139		0.0023		1
10		4500		58500		0.0081		0.1386		1
10		4550		58550		0.0248		0.0080		1
10		4600		58600		0.0225		0.0578		1
10		4650		58650		0.0174		0.0025		1
10		4700		58700		0.0111		0.0094		1
10		4750		58750		0.0146		0.0142		1
10		4800		58800		0.0134		0.0038		1
10		4850		58850		0.0118		0.0015		1
10		4900		58900		0.0144		0.0008		1
10		4950		58950		0.0124		0.0027		1
10		5000		59000		0.0205		0.0301		1
10		5050		59050		0.0119		0.0041		1
10		5100		59100		0.0201		0.0115		1
10		5150		59150		0.0236		0.0031		1
10		5200		59200		0.0089		0.0027		1
10		5250		59250		0.0112		0.0017		1
10		5300		59300		0.0148		0.0412		1
10		5350		59350		0.0087		0.0639		1
10		5400		59400		0.0269		0.0165		1
10		5450		59450		0.0218		0.0908		1
10		5500		59500		0.0135		0.0233		1
10		5550		59550		0.0112		0.0020		1
10		5600		59600		0.0193		0.0062		1
10		5650		59650		0.0170		0.0045		1
10		5700		59700		0.0130		0.0238		1
10		5750		59750		0.0288		0.5185		1
10		5800		59800		0.0327		0.0959		1
10		5850		59850		0.0183		0.0023		1
10		5900		59900		0.0193		0.0652		1
10		5950		59950		0.0280		0.0523		1
10		6000		60000		0.0177		0.0124		1
11		50		60050		0.0176		0.0060		1
11		100		60100		0.0174		0.0022		1
11		150		60150		0.0104		0.0030		1
11		200		60200		0.0154		0.1557		1
11		250		60250		0.0165		0.0034		1
11		300		60300		0.0158		0.0055		1
11		350		60350		0.0143		0.0015		1
11		400		60400		0.0087		0.0012		1
11		450		60450		0.0172		0.0044		1
11		500		60500		0.0200		0.0075		1
11		550		60550		0.0141		0.0091		1
11		600		60600		0.0193		0.0108		1
11		650		60650		0.0108		0.0305		1
11		700		60700		0.0076		0.0037		1
11		750		60750		0.0130		0.0272		1
11		800		60800		0.0155		0.0870		1
11		850		60850		0.0113		0.0028		1
11		900		60900		0.0121		0.0051		1
11		950		60950		0.0154		0.0168		1
11		1000		61000		0.0139		0.0024		1
11		1050		61050		0.0157		0.0058		1
11		1100		61100		0.0124		0.1272		1
11		1150		61150		0.0179		0.0466		1
11		1200		61200		0.0255		0.0053		1
11		1250		61250		0.0126		0.0353		1
11		1300		61300		0.0130		0.0021		1
11		1350		61350		0.0154		0.0030		1
11		1400		61400		0.0184		0.0028		1
11		1450		61450		0.0146		0.0053		1
11		1500		61500		0.0185		0.0111		1
11		1550		61550		0.0098		0.0027		1
11		1600		61600		0.0131		0.0016		1
11		1650		61650		0.0194		0.0011		1
11		1700		61700		0.0129		0.0051		1
11		1750		61750		0.0116		0.0035		1
11		1800		61800		0.0161		0.0175		1
11		1850		61850		0.0199		0.0233		1
11		1900		61900		0.0088		0.0052		1
11		1950		61950		0.0132		0.0018		1
11		2000		62000		0.0138		0.0112		1
11		2050		62050		0.0246		0.1797		1
11		2100		62100		0.0341		0.0151		1
11		2150		62150		0.0213		0.0250		1
11		2200		62200		0.0083		0.0524		1
11		2250		62250		0.0164		0.0719		1
11		2300		62300		0.0114		0.0940		1
11		2350		62350		0.0129		0.0070		1
11		2400		62400		0.0194		0.0005		1
11		2450		62450		0.0130		0.0351		1
11		2500		62500		0.0157		0.0029		1
11		2550		62550		0.0113		0.0274		1
11		2600		62600		0.0112		0.0013		1
11		2650		62650		0.0152		0.0069		1
11		2700		62700		0.0094		0.0019		1
11		2750		62750		0.0139		0.0049		1
11		2800		62800		0.0054		0.0013		1
11		2850		62850		0.0110		0.0016		1
11		2900		62900		0.0170		0.0960		1
11		2950		62950		0.0137		0.0019		1
11		3000		63000		0.0155		0.0186		1
11		3050		63050		0.0133		0.0023		1
11		3100		63100		0.0137		0.0159		1
11		3150		63150		0.0083		0.0080		1
11		3200		63200		0.0116		0.0329		1
11		3250		63250		0.0073		0.0025		1
11		3300		63300		0.0333		0.0037		1
11		3350		63350		0.0119		0.0031		1
11		3400		63400		0.0098		0.0233		1
11		3450		63450		0.0205		0.0034		1
11		3500		63500		0.0215		0.0088		1
11		3550		63550		0.0085		0.0049		1
11		3600		63600		0.0121		0.0778		1
11		3650		63650		0.0114		0.0021		1
11		3700		63700		0.0140		0.0245		1
11		3750		63750		0.0199		0.3767		1
11		3800		63800		0.0131		0.0029		1
11		3850		63850		0.0076		0.0109		1
11		3900		63900		0.0168		0.0038		1
11		3950		63950		0.0156		0.0355		1
11		4000		64000		0.0125		0.0027		1
11		4050		64050		0.0096		0.0305		1
11		4100		64100		0.0157		0.0044		1
11		4150		64150		0.0155		0.0590		1
11		4200		64200		0.0140		0.0036		1
11		4250		64250		0.0132		0.0012		1
11		4300		64300		0.0101		0.0087		1
11		4350		64350		0.0115		0.0157		1
11		4400		64400		0.0101		0.0110		1
11		4450		64450		0.0155		0.0443		1
11		4500		64500		0.0115		0.0248		1
11		4550		64550		0.0151		0.0063		1
11		4600		64600		0.0141		0.0059		1
11		4650		64650		0.0153		0.0006		1
11		4700		64700		0.0655		0.2082		1
11		4750		64750		0.0205		0.0075		1
11		4800		64800		0.0212		0.1537		1
11		4850		64850		0.0188		0.0158		1
11		4900		64900		0.0114		0.0015		1
11		4950		64950		0.0154		0.0398		1
11		5000		65000		0.0169		0.0239		1
11		5050		65050		0.0113		0.0048		1
11		5100		65100		0.0099		0.0064		1
11		5150		65150		0.0140		0.0013		1
11		5200		65200		0.0189		0.0880		1
11		5250		65250		0.0171		0.0023		1
11		5300		65300		0.0106		0.0024		1
11		5350		65350		0.0116		0.0014		1
11		5400		65400		0.0233		0.1009		1
11		5450		65450		0.0079		0.0094		1
11		5500		65500		0.0124		0.0014		1
11		5550		65550		0.0163		0.0034		1
11		5600		65600		0.0099		0.0041		1
11		5650		65650		0.0096		0.0056		1
11		5700		65700		0.0091		0.0451		1
11		5750		65750		0.0071		0.0043		1
11		5800		65800		0.0088		0.0100		1
11		5850		65850		0.0123		0.0709		1
11		5900		65900		0.0143		0.0378		1
11		5950		65950		0.0159		0.0497		1
11		6000		66000		0.0093		0.0182		1
12		50		66050		0.0170		0.0758		1
12		100		66100		0.0171		0.0031		1
12		150		66150		0.0162		0.0180		1
12		200		66200		0.0132		0.0789		1
12		250		66250		0.0214		0.1093		1
12		300		66300		0.0111		0.0013		1
12		350		66350		0.0207		0.0226		1
12		400		66400		0.0118		0.0018		1
12		450		66450		0.0178		0.0072		1
12		500		66500		0.0134		0.0527		1
12		550		66550		0.0084		0.0006		1
12		600		66600		0.0180		0.0563		1
12		650		66650		0.0138		0.0080		1
12		700		66700		0.0176		0.0100		1
12		750		66750		0.0153		0.0074		1
12		800		66800		0.0158		0.0380		1
12		850		66850		0.0211		0.0066		1
12		900		66900		0.0173		0.0393		1
12		950		66950		0.0133		0.0076		1
12		1000		67000		0.0098		0.0011		1
12		1050		67050		0.0138		0.0141		1
12		1100		67100		0.0085		0.0412		1
12		1150		67150		0.0084		0.0403		1
12		1200		67200		0.0118		0.0009		1
12		1250		67250		0.0131		0.0027		1
12		1300		67300		0.0091		0.0033		1
12		1350		67350		0.0150		0.1179		1
12		1400		67400		0.0114		0.0018		1
12		1450		67450		0.0110		0.0086		1
12		1500		67500		0.0119		0.0011		1
12		1550		67550		0.0127		0.0047		1
12		1600		67600		0.0111		0.0119		1
12		1650		67650		0.0091		0.0050		1
12		1700		67700		0.0085		0.0013		1
12		1750		67750		0.0091		0.0357		1
12		1800		67800		0.0103		0.0012		1
12		1850		67850		0.0201		0.0007		1
12		1900		67900		0.0110		0.0100		1
12		1950		67950		0.0210		0.2129		1
12		2000		68000		0.0102		0.0013		1
12		2050		68050		0.0072		0.0041		1
12		2100		68100		0.0091		0.0076		1
12		2150		68150		0.0174		0.0190		1
12		2200		68200		0.0128		0.0155		1
12		2250		68250		0.0167		0.0251		1
12		2300		68300		0.0181		0.0101		1
12		2350		68350		0.0106		0.0008		1
12		2400		68400		0.0155		0.0025		1
12		2450		68450		0.0138		0.0341		1
12		2500		68500		0.0152		0.0079		1
12		2550		68550		0.0120		0.0032		1
12		2600		68600		0.0103		0.0016		1
12		2650		68650		0.0173		0.0031		1
12		2700		68700		0.0120		0.0016		1
12		2750		68750		0.0151		0.0037		1
12		2800		68800		0.0103		0.0020		1
12		2850		68850		0.0101		0.0004		1
12		2900		68900		0.0155		0.1255		1
12		2950		68950		0.0122		0.0021		1
12		3000		69000		0.0150		0.2241		1
12		3050		69050		0.0114		0.0197		1
12		3100		69100		0.0087		0.0045		1
12		3150		69150		0.0124		0.1711		1
12		3200		69200		0.0143		0.0106		1
12		3250		69250		0.0131		0.0113		1
12		3300		69300		0.0200		0.0068		1
12		3350		69350		0.0126		0.0417		1
12		3400		69400		0.0131		0.0603		1
12		3450		69450		0.0316		0.0554		1
12		3500		69500		0.0143		0.0533		1
12		3550		69550		0.0325		0.0216		1
12		3600		69600		0.0457		0.0074		1
12		3650		69650		0.0116		0.0022		1
12		3700		69700		0.0336		0.2743		1
12		3750		69750		0.0203		0.0156		1
12		3800		69800		0.0211		0.0444		1
12		3850		69850		0.0108		0.0171		1
12		3900		69900		0.0085		0.0476		1
12		3950		69950		0.0095		0.0033		1
12		4000		70000		0.0061		0.0093		1
12		4050		70050		0.0203		0.0023		1
12		4100		70100		0.0190		0.0099		1
12		4150		70150		0.0105		0.0128		1
12		4200		70200		0.0129		0.0106		1
12		4250		70250		0.0129		0.0021		1
12		4300		70300		0.0182		0.0845		1
12		4350		70350		0.0165		0.0773		1
12		4400		70400		0.0115		0.0011		1
12		4450		70450		0.0134		0.1074		1
12		4500		70500		0.0094		0.0400		1
12		4550		70550		0.0242		0.0181		1
12		4600		70600		0.0098		0.0337		1
12		4650		70650		0.0138		0.0326		1
12		4700		70700		0.0147		0.0502		1
12		4750		70750		0.0154		0.0023		1
12		4800		70800		0.0147		0.0113		1
12		4850		70850		0.0307		0.0841		1
12		4900		70900		0.0241		0.0064		1
12		4950		70950		0.0273		0.0096		1
12		5000		71000		0.0194		0.0030		1
12		5050		71050		0.0236		0.0176		1
12		5100		71100		0.0222		0.0017		1
12		5150		71150		0.0167		0.0147		1
12		5200		71200		0.0153		0.0150		1
12		5250		71250		0.0118		0.0054		1
12		5300		71300		0.0192		0.0020		1
12		5350		71350		0.0095		0.0023		1
12		5400		71400		0.0140		0.0008		1
12		5450		71450		0.0107		0.0030		1
12		5500		71500		0.0172		0.0169		1
12		5550		71550		0.0163		0.0151		1
12		5600		71600		0.0132		0.0518		1
12		5650		71650		0.0133		0.0011		1
12		5700		71700		0.0120		0.0012		1
12		5750		71750		0.0178		0.0007		1
12		5800		71800		0.0103		0.0063		1
12		5850		71850		0.0166		0.0052		1
12		5900		71900		0.0238		0.0109		1
12		5950		71950		0.0179		0.0262		1
12		6000		72000		0.0129		0.0120		1
13		50		72050		0.0105		0.0055		1
13		100		72100		0.0212		0.1115		1
13		150		72150		0.0112		0.0033		1
13		200		72200		0.0191		0.0073		1
13		250		72250		0.0129		0.0102		1
13		300		72300		0.0089		0.0333		1
13		350		72350		0.0174		0.0020		1
13		400		72400		0.0167		0.0311		1
13		450		72450		0.0092		0.0021		1
13		500		72500		0.0102		0.0030		1
13		550		72550		0.0123		0.1156		1
13		600		72600		0.0144		0.0020		1
13		650		72650		0.0165		0.0660		1
13		700		72700		0.0085		0.0737		1
13		750		72750		0.0113		0.0030		1
13		800		72800		0.0096		0.0669		1
13		850		72850		0.0203		0.0257		1
13		900		72900		0.0128		0.0096		1
13		950		72950		0.0170		0.0008		1
13		1000		73000		0.0170		0.0509		1
13		1050		73050		0.0069		0.0005		1
13		1100		73100		0.0173		0.0006		1
13		1150		73150		0.0116		0.0409		1
13		1200		73200		0.0150		0.0037		1
13		1250		73250		0.0118		0.0474		1
13		1300		73300		0.0089		0.0007		1
13		1350		73350		0.0123		0.0263		1
13		1400		73400		0.0131		0.0054		1
13		1450		73450		0.0197		0.0054		1
13		1500		73500		0.0096		0.0104		1
13		1550		73550		0.0152		0.0344		1
13		1600		73600		0.0181		0.0133		1
13		1650		73650		0.0098		0.0317		1
13		1700		73700		0.0115		0.0234		1
13		1750		73750		0.0163		0.0117		1
13		1800		73800		0.0114		0.0094		1
13		1850		73850		0.0095		0.0007		1
13		1900		73900		0.0125		0.1146		1
13		1950		73950		0.0163		0.1237		1
13		2000		74000		0.0075		0.0020		1
13		2050		74050		0.0073		0.0023		1
13		2100		74100		0.0098		0.0467		1
13		2150		74150		0.0098		0.0027		1
13		2200		74200		0.0179		0.0265		1
13		2250		74250		0.0139		0.0036		1
13		2300		74300		0.0117		0.0059		1
13		2350		74350		0.0090		0.0070		1
13		2400		74400		0.0268		0.0267		1
13		2450		74450		0.0146		0.0026		1
13		2500		74500		0.0114		0.0112		1
13		2550		74550		0.0300		0.1414		1
13		2600		74600		0.0171		0.0045		1
13		2650		74650		0.0200		0.0580		1
13		2700		74700		0.0117		0.0575		1
13		2750		74750		0.0118		0.0907		1
13		2800		74800		0.0091		0.0035		1
13		2850		74850		0.0127		0.0011		1
13		2900		74900		0.0162		0.0044		1
13		2950		74950		0.0089		0.0009		1
13		3000		75000		0.0132		0.0004		1
13		3050		75050		0.0111		0.0215		1
13		3100		75100		0.0109		0.0020		1
13		3150		75150		0.0121		0.0025		1
13		3200		75200		0.0110		0.0423		1
13		3250		75250		0.0133		0.0045		1
13		3300		75300		0.0168		0.0211		1
13		3350		75350		0.0080		0.0014		1
13		3400		75400		0.0145		0.0007		1
13		3450		75450		0.0127		0.0089		1
13		3500		75500		0.0145		0.0035		1
13		3550		75550		0.0122		0.0454		1
13		3600		75600		0.0141		0.0526		1
13		3650		75650		0.0200		0.1481		1
13		3700		75700		0.0176		0.1234		1
13		3750		75750		0.0142		0.0200		1
13		3800		75800		0.0153		0.0067		1
13		3850		75850		0.0097		0.0227		1
13		3900		75900		0.0181		0.0063		1
13		3950		75950		0.0179		0.1918		1
13		4000		76000		0.0146		0.0126		1
13		4050		76050		0.0125		0.0080		1
13		4100		76100		0.0166		0.0023		1
13		4150		76150		0.0123		0.0013		1
13		4200		76200		0.0149		0.0398		1
13		4250		76250		0.0146		0.0413		1
13		4300		76300		0.0092		0.1811		1
13		4350		76350		0.0090		0.0009		1
13		4400		76400		0.0116		0.0038		1
13		4450		76450		0.0058		0.0395		1
13		4500		76500		0.0145		0.0228		1
13		4550		76550		0.0372		0.2604		1
13		4600		76600		0.0355		0.0155		1
13		4650		76650		0.0394		0.1989		1
13		4700		76700		0.0186		0.0059		1
13		4750		76750		0.0176		0.0044		1
13		4800		76800		0.0152		0.0148		1
13		4850		76850		0.0404		0.0054		1
13		4900		76900		0.0189		0.0817		1
13		4950		76950		0.0133		0.0368		1
13		5000		77000		0.0341		0.0465		1
13		5050		77050		0.0161		0.0179		1
13		5100		77100		0.0136		0.0031		1
13		5150		77150		0.0135		0.0186		1
13		5200		77200		0.0169		0.0094		1
13		5250		77250		0.0147		0.0004		1
13		5300		77300		0.0128		0.0037		1
13		5350		77350		0.0113		0.0017		1
13		5400		77400		0.0154		0.0022		1
13		5450		77450		0.0169		0.0948		1
13		5500		77500		0.0105		0.0017		1
13		5550		77550		0.0139		0.0043		1
13		5600		77600		0.0152		0.0104		1
13		5650		77650		0.0146		0.0210		1
13		5700		77700		0.0168		0.0013		1
13		5750		77750		0.0118		0.0016		1
13		5800		77800		0.0115		0.0482		1
13		5850		77850		0.0121		0.0299		1
13		5900		77900		0.0095		0.0006		1
13		5950		77950		0.0099		0.0117		1
13		6000		78000		0.0072		0.0401		1
14		50		78050		0.0243		0.0513		1
14		100		78100		0.0143		0.0241		1
14		150		78150		0.0175		0.0954		1
14		200		78200		0.0133		0.0009		1
14		250		78250		0.0141		0.0045		1
14		300		78300		0.0081		0.0008		1
14		350		78350		0.0264		0.0056		1
14		400		78400		0.0106		0.0052		1
14		450		78450		0.0221		0.0659		1
14		500		78500		0.0192		0.1474		1
14		550		78550		0.0230		0.0057		1
14		600		78600		0.0102		0.0066		1
14		650		78650		0.0266		0.2118		1
14		700		78700		0.0113		0.0025		1
14		750		78750		0.0116		0.0045		1
14		800		78800		0.0092		0.0023		1
14		850		78850		0.0103		0.0008		1
14		900		78900		0.0140		0.1815		1
14		950		78950		0.0155		0.0013		1
14		1000		79000		0.0173		0.0146		1
14		1050		79050		0.0217		0.0053		1
14		1100		79100		0.0181		0.0044		1
14		1150		79150		0.0116		0.0026		1
14		1200		79200		0.0118		0.0978		1
14		1250		79250		0.0093		0.0042		1
14		1300		79300		0.0145		0.0009		1
14		1350		79350		0.0178		0.0079		1
14		1400		79400		0.0091		0.0049		1
14		1450		79450		0.0056		0.0002		1
14		1500		79500		0.0100		0.0137		1
14		1550		79550		0.0087		0.0145		1
14		1600		79600		0.0104		0.0121		1
14		1650		79650		0.0111		0.0035		1
14		1700		79700		0.0173		0.0591		1
14		1750		79750		0.0175		0.0387		1
14		1800		79800		0.0153		0.0351		1
14		1850		79850		0.0181		0.0620		1
14		1900		79900		0.0069		0.0286		1
14		1950		79950		0.0091		0.0023		1
14		2000		80000		0.0157		0.0051		1
14		2050		80050		0.0121		0.0022		1
14		2100		80100		0.0175		0.0006		1
14		2150		80150		0.0091		0.0006		1
14		2200		80200		0.0153		0.0071		1
14		2250		80250		0.0200		0.0320		1
14		2300		80300		0.0161		0.0477		1
14		2350		80350		0.0137		0.0393		1
14		2400		80400		0.0101		0.0025		1
14		2450		80450		0.0078		0.0019		1
14		2500		80500		0.0102		0.0006		1
14		2550		80550		0.0289		0.0477		1
14		2600		80600		0.0147		0.0107		1
14		2650		80650		0.0203		0.0285		1
14		2700		80700		0.0086		0.0019		1
14		2750		80750		0.0093		0.0065		1
14		2800		80800		0.0159		0.0009		1
14		2850		80850		0.0088		0.0011		1
14		2900		80900		0.0108		0.0656		1
14		2950		80950		0.0139		0.0088		1
14		3000		81000		0.0105		0.0032		1
14		3050		81050		0.0129		0.0042		1
14		3100		81100		0.0143		0.0452		1
14		3150		81150		0.0114		0.1305		1
14		3200		81200		0.0125		0.0193		1
14		3250		81250		0.0192		0.0029		1
14		3300		81300		0.0144		0.0266		1
14		3350		81350		0.0126		0.0038		1
14		3400		81400		0.0264		0.0358		1
14		3450		81450		0.0100		0.0065		1
14		3500		81500		0.0085		0.0011		1
14		3550		81550		0.0119		0.0106		1
14		3600		81600		0.0115		0.0180		1
14		3650		81650		0.0129		0.0059		1
14		3700		81700		0.0171		0.0014		1
14		3750		81750		0.0141		0.0006		1
14		3800		81800		0.0115		0.0038		1
14		3850		81850		0.0134		0.0097		1
14		3900		81900		0.0084		0.0014		1
14		3950		81950		0.0165		0.0442		1
14		4000		82000		0.0171		0.0008		1
14		4050		82050		0.0137		0.0059		1
14		4100		82100		0.0137		0.1368		1
14		4150		82150		0.0080		0.0009		1
14		4200		82200		0.0076		0.0061		1
14		4250		82250		0.0159		0.1132		1
14		4300		82300		0.0220		0.0706		1
14		4350		82350		0.0215		0.0013		1
14		4400		82400		0.0276		0.0154		1
14		4450		82450		0.0282		0.0031		1
14		4500		82500		0.0215		0.0350		1
14		4550		82550		0.0132		0.0784		1
14		4600		82600		0.0119		0.0104		1
14		4650		82650		0.0148		0.0903		1
14		4700		82700		0.0133		0.0021		1
14		4750		82750		0.0159		0.0190		1
14		4800		82800		0.0125		0.0406		1
14		4850		82850		0.0095		0.0013		1
14		4900		82900		0.0116		0.0035		1
14		4950		82950		0.0148		0.0030		1
14		5000		83000		0.0119		0.0075		1
14		5050		83050		0.0096		0.0041		1
14		5100		83100		0.0248		0.1663		1
14		5150		83150		0.0179		0.0279		1
14		5200		83200		0.0090		0.0054		1
14		5250		83250		0.0188		0.0045		1
14		5300		83300		0.0109		0.0041		1
14		5350		83350		0.0131		0.0036		1
14		5400		83400		0.0107		0.0044		1
14		5450		83450		0.0096		0.0009		1
14		5500		83500		0.0161		0.0282		1
14		5550		83550		0.0150		0.0299		1
14		5600		83600		0.0090		0.0039		1
14		5650		83650		0.0096		0.0016		1
14		5700		83700		0.0158		0.0046		1
14		5750		83750		0.0167		0.0039		1
14		5800		83800		0.0114		0.0936		1
14		5850		83850		0.0089		0.0122		1
14		5900		83900		0.0147		0.0043		1
14		5950		83950		0.0164		0.0026		1
14		6000		84000		0.0119		0.0036		1
15		50		84050		0.0101		0.0005		1
15		100		84100		0.0124		0.0035		1
15		150		84150		0.0173		0.0061		1
15		200		84200		0.0128		0.0018		1
15		250		84250		0.0085		0.0009		1
15		300		84300		0.0137		0.0079		1
15		350		84350		0.0178		0.1493		1
15		400		84400		0.0181		0.0014		1
15		450		84450		0.0081		0.0017		1
15		500		84500		0.0108		0.0017		1
15		550		84550		0.0146		0.0342		1
15		600		84600		0.0142		0.0261		1
15		650		84650		0.0131		0.0005		1
15		700		84700		0.0103		0.0333		1
15		750		84750		0.0102		0.0067		1
15		800		84800		0.0190		0.0647		1
15		850		84850		0.0162		0.1904		1
15		900		84900		0.0086		0.0035		1
15		950		84950		0.0150		0.0296		1
15		1000		85000		0.0118		0.0130		1
15		1050		85050		0.0217		0.0084		1
15		1100		85100		0.0076		0.0159		1
15		1150		85150		0.0164		0.0018		1
15		1200		85200		0.0136		0.0054		1
15		1250		85250		0.0097		0.0022		1
15		1300		85300		0.0131		0.0658		1
15		1350		85350		0.0260		0.3778		1
15		1400		85400		0.0183		0.0052		1
15		1450		85450		0.0156		0.0062		1
15		1500		85500		0.0123		0.0011		1
15		1550		85550		0.0302		0.3699		1
15		1600		85600		0.0180		0.0258		1
15		1650		85650		0.0237		0.0258		1
15		1700		85700		0.0144		0.0020		1
15		1750		85750		0.0095		0.0258		1
15		1800		85800		0.0161		0.0034		1
15		1850		85850		0.0096		0.1678		1
15		1900		85900		0.0119		0.1479		1
15		1950		85950		0.0132		0.0006		1
15		2000		86000		0.0111		0.0112		1
15		2050		86050		0.0161		0.0020		1
15		2100		86100		0.0125		0.0188		1
15		2150		86150		0.0131		0.0141		1
15		2200		86200		0.0069		0.0053		1
15		2250		86250		0.0149		0.0013		1
15		2300		86300		0.0068		0.0014		1
15		2350		86350		0.0152		0.0079		1
15		2400		86400		0.0071		0.0009		1
15		2450		86450		0.0134		0.0075		1
15		2500		86500		0.0117		0.0034		1
15		2550		86550		0.0147		0.0082		1
15		2600		86600		0.0177		0.0141		1
15		2650		86650		0.0202		0.0178		1
15		2700		86700		0.0055		0.0238		1
15		2750		86750		0.0093		0.0023		1
15		2800		86800		0.0121		0.0060		1
15		2850		86850		0.0096		0.0035		1
15		2900		86900		0.0109		0.0021		1
15		2950		86950		0.0120		0.0199		1
15		3000		87000		0.0183		0.0053		1
15		3050		87050		0.0108		0.0026		1
15		3100		87100		0.0150		0.0011		1
15		3150		87150		0.0123		0.0258		1
15		3200		87200		0.0111		0.1254		1
15		3250		87250		0.0095		0.0034		1
15		3300		87300		0.0236		0.0253		1
15		3350		87350		0.0147		0.0100		1
15		3400		87400		0.0106		0.0044		1
15		3450		87450		0.0065		0.0021		1
15		3500		87500		0.0100		0.0060		1
15		3550		87550		0.0157		0.1361		1
15		3600		87600		0.0120		0.2658		1
15		3650		87650		0.0064		0.0012		1
15		3700		87700		0.0186		0.0225		1
15		3750		87750		0.0120		0.0313		1
15		3800		87800		0.0137		0.0009		1
15		3850		87850		0.0119		0.0004		1
15		3900		87900		0.0161		0.0059		1
15		3950		87950		0.0095		0.0389		1
15		4000		88000		0.0134		0.0048		1
15		4050		88050		0.0094		0.0180		1
15		4100		88100		0.0136		0.0492		1
15		4150		88150		0.0081		0.0211		1
15		4200		88200		0.0121		0.0031		1
15		4250		88250		0.0146		0.0042		1
15		4300		88300		0.0109		0.0089		1
15		4350		88350		0.0272		0.1363		1
15		4400		88400		0.0185		0.0232		1
15		4450		88450		0.0151		0.0031		1
15		4500		88500		0.0103		0.0010		1
15		4550		88550		0.0128		0.0245		1
15		4600		88600		0.0115		0.0117		1
15		4650		88650		0.0166		0.0115		1
15		4700		88700		0.0138		0.0236		1
15		4750		88750		0.0269		0.1629		1
15		4800		88800		0.0284		0.0097		1
15		4850		88850		0.0291		0.0103		1
15		4900		88900		0.0117		0.0022		1
15		4950		88950		0.0109		0.0075		1
15		5000		89000		0.0097		0.0003		1
15		5050		89050		0.0138		0.0059		1
15		5100		89100		0.0143		0.0042		1
15		5150		89150		0.0099		0.0058		1
15		5200		89200		0.0106		0.0090		1
15		5250		89250		0.0179		0.0195		1
15		5300		89300		0.0084		0.0044		1
15		5350		89350		0.0083		0.0005		1
15		5400		89400		0.0172		0.2942		1
15		5450		89450		0.0170		0.0338		1
15		5500		89500		0.0242		0.1842		1
15		5550		89550		0.0151		0.0006		1
15		5600		89600		0.0154		0.0013		1
15		5650		89650		0.0138		0.3122		1
15		5700		89700		0.0135		0.0778		1
15		5750		89750		0.0128		0.0029		1
15		5800		89800		0.0124		0.0121		1
15		5850		89850		0.0240		0.0457		1
15		5900		89900		0.0128		0.0324		1
15		5950		89950		0.0214		0.0025		1
15		6000		90000		0.0083		0.0048		1
16		50		90050		0.0084		0.0048		1
16		100		90100		0.0166		0.0027		1
16		150		90150		0.0113		0.0154		1
16		200		90200		0.0086		0.0112		1
16		250		90250		0.0099		0.0089		1
16		300		90300		0.0153		0.0038		1
16		350		90350		0.0196		0.0034		1
16		400		90400		0.0100		0.0151		1
16		450		90450		0.0223		0.3710		1
16		500		90500		0.0169		0.0146		1
16		550		90550		0.0137		0.0035		1
16		600		90600		0.0110		0.1158		1
16		650		90650		0.0166		0.1371		1
16		700		90700		0.0112		0.0019		1
16		750		90750		0.0108		0.0112		1
16		800		90800		0.0194		0.1593		1
16		850		90850		0.0151		0.0757		1
16		900		90900		0.0084		0.0020		1
16		950		90950		0.0224		0.0386		1
16		1000		91000		0.0114		0.0757		1
16		1050		91050		0.0292		0.1179		1
16		1100		91100		0.0208		0.0432		1
16		1150		91150		0.0132		0.0020		1
16		1200		91200		0.0178		0.0111		1
16		1250		91250		0.0206		0.0244		1
16		1300		91300		0.0100		0.0017		1
16		1350		91350		0.0122		0.0086		1
16		1400		91400		0.0207		0.0492		1
16		1450		91450		0.0095		0.0011		1
16		1500		91500		0.0156		0.0198		1
16		1550		91550		0.0111		0.0138		1
16		1600		91600		0.0073		0.0030		1
16		1650		91650		0.0124		0.0071		1
16		1700		91700		0.0098		0.0016		1
16		1750		91750		0.0188		0.0065		1
16		1800		91800		0.0121		0.0036		1
16		1850		91850		0.0118		0.0668		1
16		1900		91900		0.0096		0.0047		1
16		1950		91950		0.0104		0.0510		1
16		2000		92000		0.0125		0.0099		1
16		2050		92050		0.0229		0.0402		1
16		2100		92100		0.0107		0.0635		1
16		2150		92150		0.0206		0.0093		1
16		2200		92200		0.0133		0.0031		1
16		2250		92250		0.0223		0.1134		1
16		2300		92300		0.0144		0.0036		1
16		2350		92350		0.0138		0.0110		1
16		2400		92400		0.0093		0.0292		1
16		2450		92450		0.0089		0.0188		1
16		2500		92500		0.0243		0.0016		1
16		2550		92550		0.0103		0.0028		1
16		2600		92600		0.0265		0.0059		1
16		2650		92650		0.0111		0.0075		1
16		2700		92700		0.0205		0.0894		1
16		2750		92750		0.0093		0.0403		1
16		2800		92800		0.0145		0.0018		1
16		2850		92850		0.0128		0.0019		1
16		2900		92900		0.0148		0.0187		1
16		2950		92950		0.0138		0.0084		1
16		3000		93000		0.0164		0.1500		1
16		3050		93050		0.0123		0.0593		1
16		3100		93100		0.0089		0.0043		1
16		3150		93150		0.0149		0.2462		1
16		3200		93200		0.0160		0.0036		1
16		3250		93250		0.0221		0.0369		1
16		3300		93300		0.0147		0.0017		1
16		3350		93350		0.0150		0.0229		1
16		3400		93400		0.0178		0.0119		1
16		3450		93450		0.0147		0.0054		1
16		3500		93500		0.0158		0.0038		1
16		3550		93550		0.0124		0.0034		1
16		3600		93600		0.0102		0.0620		1
16		3650		93650		0.0128		0.0005		1
16		3700		93700		0.0110		0.0009		1
16		3750		93750		0.0116		0.0152		1
16		3800		93800		0.0117		0.1073		1
16		3850		93850		0.0214		0.0285		1
16		3900		93900		0.0142		0.0448		1
16		3950		93950		0.0159		0.0623		1
16		4000		94000		0.0116		0.0058		1
16		4050		94050		0.0105		0.0095		1
16		4100		94100		0.0085		0.0087		1
16		4150		94150		0.0192		0.0510		1
16		4200		94200		0.0112		0.0102		1
16		4250		94250		0.0229		0.0050		1
16		4300		94300		0.0158		0.0331		1
16		4350		94350		0.0232		0.2235		1
16		4400		94400		0.0199		0.0269		1
16		4450		94450		0.0105		0.0031		1
16		4500		94500		0.0187		0.0036		1
16		4550		94550		0.0068		0.0048		1
16		4600		94600		0.0127		0.0044		1
16		4650		94650		0.0146		0.0649		1
16		4700		94700		0.0086		0.0223		1
16		4750		94750		0.0153		0.0208		1
16		4800		94800		0.0190		0.0742		1
16		4850		94850		0.0119		0.0794		1
16		4900		94900		0.0109		0.0407		1
16		4950		94950		0.0176		0.1259		1
16		5000		95000		0.0099		0.0103		1
16		5050		95050		0.0142		0.0089		1
16		5100		95100		0.0467		0.0502		1
16		5150		95150		0.0161		0.1070		1
16		5200		95200		0.0151		0.0122		1
16		5250		95250		0.0161		0.0685		1
16		5300		95300		0.0250		0.0570		1
16		5350		95350		0.0323		0.0186		1
16		5400		95400		0.0190		0.0023		1
16		5450		95450		0.0167		0.0066		1
16		5500		95500		0.0063		0.0103		1
16		5550		95550		0.0126		0.0201		1
16		5600		95600		0.0190		0.0775		1
16		5650		95650		0.0100		0.0043		1
16		5700		95700		0.0112		0.0008		1
16		5750		95750		0.0122		0.0010		1
16		5800		95800		0.0164		0.0084		1
16		5850		95850		0.0171		0.0951		1
16		5900		95900		0.0137		0.0028		1
16		5950		95950		0.0142		0.1633		1
16		6000		96000		0.0089		0.0007		1
17		50		96050		0.0125		0.0498		1
17		100		96100		0.0096		0.0011		1
17		150		96150		0.0116		0.0581		1
1		50		50		1.0328		None		0
1		100		100		0.9758		None		0
1		150		150		0.9640		None		0
1		200		200		0.9673		None		0
1		250		250		0.9501		None		0
1		300		300		0.9479		None		0
1		350		350		0.9648		None		0
1		400		400		0.9506		None		0
1		450		450		0.9345		None		0
1		500		500		0.9389		None		0
1		550		550		0.9347		None		0
1		600		600		0.9380		None		0
1		650		650		0.9080		None		0
1		700		700		0.9045		None		0
1		750		750		0.8990		None		0
1		800		800		0.8984		None		0
1		850		850		0.8992		None		0
1		900		900		0.8903		None		0
1		950		950		0.8874		None		0
1		1000		1000		0.8907		None		0
1		1050		1050		0.9201		None		0
1		1100		1100		0.8863		None		0
1		1150		1150		0.8844		None		0
1		1200		1200		0.8731		None		0
1		1250		1250		0.8904		None		0
1		1300		1300		0.8779		None		0
1		1350		1350		0.8542		None		0
1		1400		1400		0.9024		None		0
1		1450		1450		0.8549		None		0
1		1500		1500		0.7913		None		0
1		1550		1550		0.7001		None		0
1		1600		1600		0.6938		None		0
1		1650		1650		0.6447		None		0
1		1700		1700		0.6772		None		0
1		1750		1750		0.6308		None		0
1		1800		1800		0.6283		None		0
1		1850		1850		0.7207		None		0
1		1900		1900		0.6346		None		0
1		1950		1950		0.6707		None		0
1		2000		2000		0.6234		None		0
1		2050		2050		0.6224		None		0
1		2100		2100		0.6165		None		0
1		2150		2150		0.6306		None		0
1		2200		2200		0.6065		None		0
1		2250		2250		0.6109		None		0
1		2300		2300		0.6116		None		0
1		2350		2350		0.6146		None		0
1		2400		2400		0.6175		None		0
1		2450		2450		0.6225		None		0
1		2500		2500		0.6300		None		0
1		2550		2550		0.6077		None		0
1		2600		2600		0.6168		None		0
1		2650		2650		0.6102		None		0
1		2700		2700		0.6338		None		0
1		2750		2750		0.6056		None		0
1		2800		2800		0.5999		None		0
1		2850		2850		0.6137		None		0
1		2900		2900		0.6159		None		0
1		2950		2950		0.6137		None		0
1		3000		3000		0.6339		None		0
1		3050		3050		0.6030		None		0
1		3100		3100		0.6151		None		0
1		3150		3150		0.6047		None		0
1		3200		3200		0.5988		None		0
1		3250		3250		0.6040		None		0
1		3300		3300		0.5999		None		0
1		3350		3350		0.5965		None		0
1		3400		3400		0.5954		None		0
1		3450		3450		0.6155		None		0
1		3500		3500		0.5899		None		0
1		3550		3550		0.5968		None		0
1		3600		3600		0.5899		None		0
1		3650		3650		0.6305		None		0
1		3700		3700		0.5933		None		0
1		3750		3750		0.5957		None		0
1		3800		3800		0.5940		None		0
1		3850		3850		0.5919		None		0
1		3900		3900		0.6017		None		0
1		3950		3950		0.5957		None		0
1		4000		4000		0.6000		None		0
1		4050		4050		0.5886		None		0
1		4100		4100		0.5983		None		0
1		4150		4150		0.5963		None		0
1		4200		4200		0.5956		None		0
1		4250		4250		0.6026		None		0
1		4300		4300		0.5923		None		0
1		4350		4350		0.6146		None		0
1		4400		4400		0.5968		None		0
1		4450		4450		0.5951		None		0
1		4500		4500		0.5962		None		0
1		4550		4550		0.5956		None		0
1		4600		4600		0.5917		None		0
1		4650		4650		0.6031		None		0
1		4700		4700		0.6046		None		0
1		4750		4750		0.5970		None		0
1		4800		4800		0.5973		None		0
1		4850		4850		0.5989		None		0
1		4900		4900		0.5912		None		0
1		4950		4950		0.5868		None		0
1		5000		5000		0.5896		None		0
1		5050		5050		0.5940		None		0
1		5100		5100		0.5884		None		0
1		5150		5150		0.5913		None		0
1		5200		5200		0.5846		None		0
1		5250		5250		0.5935		None		0
1		5300		5300		0.5911		None		0
1		5350		5350		0.6017		None		0
1		5400		5400		0.5675		None		0
1		5450		5450		0.1769		None		0
1		5500		5500		0.0896		None		0
1		5550		5550		0.1291		None		0
1		5600		5600		0.0597		None		0
1		5650		5650		0.1057		None		0
1		5700		5700		0.0405		None		0
1		5750		5750		0.0639		None		0
1		5800		5800		0.0408		None		0
1		5850		5850		0.0537		None		0
1		5900		5900		0.0360		None		0
1		5950		5950		0.0376		None		0
1		6000		6000		0.0527		None		0
2		50		6050		0.0661		2.8257		1
2		100		6100		0.0426		2.5017		1
2		150		6150		0.0386		2.5994		1
2		200		6200		0.0299		2.5839		1
2		250		6250		0.0746		2.7631		1
2		300		6300		0.0366		2.5279		1
2		350		6350		0.0242		2.8463		1
2		400		6400		0.0310		2.6211		1
2		450		6450		0.0501		2.4317		1
2		500		6500		0.0322		2.3414		1
2		550		6550		0.0447		2.1823		1
2		600		6600		0.0250		2.5058		1
2		650		6650		0.0336		2.3771		1
2		700		6700		0.0527		2.3738		1
2		750		6750		0.0377		2.2220		1
2		800		6800		0.0395		2.2533		1
2		850		6850		0.0428		2.0506		1
2		900		6900		0.0337		1.9415		1
2		950		6950		0.0354		1.9477		1
2		1000		7000		0.0325		1.8923		1
2		1050		7050		0.0337		1.8135		1
2		1100		7100		0.0556		1.8141		1
2		1150		7150		0.0327		1.7694		1
2		1200		7200		0.0464		2.1472		1
2		1250		7250		0.0286		1.4684		1
2		1300		7300		0.0419		1.5227		1
2		1350		7350		0.0393		1.4715		1
2		1400		7400		0.0471		1.4465		1
2		1450		7450		0.0160		1.2565		1
2		1500		7500		0.0295		1.1291		1
2		1550		7550		0.0218		1.0982		1
2		1600		7600		0.0491		0.8219		1
2		1650		7650		0.0349		1.2309		1
2		1700		7700		0.0446		1.0728		1
2		1750		7750		0.0378		0.8766		1
2		1800		7800		0.0188		1.2467		1
2		1850		7850		0.0315		1.1166		1
2		1900		7900		0.0181		0.8415		1
2		1950		7950		0.0312		1.0110		1
2		2000		8000		0.0239		0.6586		1
2		2050		8050		0.0288		1.1613		1
2		2100		8100		0.0245		0.6214		1
2		2150		8150		0.0568		1.1043		1
2		2200		8200		0.0326		0.8637		1
2		2250		8250		0.0234		0.9517		1
2		2300		8300		0.0262		1.0622		1
2		2350		8350		0.0260		0.6382		1
2		2400		8400		0.0345		0.7662		1
2		2450		8450		0.0308		0.4857		1
2		2500		8500		0.0358		0.6866		1
2		2550		8550		0.0308		0.7297		1
2		2600		8600		0.0279		0.6352		1
2		2650		8650		0.0306		0.7532		1
2		2700		8700		0.0232		0.4620		1
2		2750		8750		0.0256		0.3838		1
2		2800		8800		0.0164		0.4254		1
2		2850		8850		0.0243		0.5154		1
2		2900		8900		0.0530		0.8110		1
2		2950		8950		0.0159		0.4809		1
2		3000		9000		0.0232		0.5689		1
2		3050		9050		0.0302		0.4477		1
2		3100		9100		0.0210		0.3028		1
2		3150		9150		0.0198		0.5810		1
2		3200		9200		0.0299		0.6456		1
2		3250		9250		0.0282		0.3334		1
2		3300		9300		0.0172		0.4561		1
2		3350		9350		0.0203		0.5304		1
2		3400		9400		0.0146		0.2015		1
2		3450		9450		0.0173		0.2774		1
2		3500		9500		0.0171		0.5571		1
2		3550		9550		0.0148		0.2554		1
2		3600		9600		0.0389		0.3534		1
2		3650		9650		0.0376		0.7051		1
2		3700		9700		0.0495		0.6216		1
2		3750		9750		0.0289		0.5338		1
2		3800		9800		0.0275		0.3505		1
2		3850		9850		0.0300		0.2889		1
2		3900		9900		0.0250		0.1919		1
2		3950		9950		0.0275		0.4551		1
2		4000		10000		0.0272		0.3676		1
2		4050		10050		0.0171		0.4389		1
2		4100		10100		0.0215		0.6469		1
2		4150		10150		0.0154		0.2773		1
2		4200		10200		0.0225		0.2140		1
2		4250		10250		0.0199		0.0963		1
2		4300		10300		0.0151		0.2937		1
2		4350		10350		0.0249		0.3534		1
2		4400		10400		0.0200		0.1069		1
2		4450		10450		0.0140		0.1453		1
2		4500		10500		0.0303		0.3360		1
2		4550		10550		0.0170		0.1782		1
2		4600		10600		0.0265		0.6550		1
2		4650		10650		0.0218		0.4172		1
2		4700		10700		0.0233		0.3967		1
2		4750		10750		0.0159		0.3225		1
2		4800		10800		0.0326		0.2185		1
2		4850		10850		0.0111		0.2931		1
2		4900		10900		0.0232		0.2564		1
2		4950		10950		0.0303		0.4361		1
2		5000		11000		0.0153		0.2430		1
2		5050		11050		0.0317		0.1988		1
2		5100		11100		0.0177		0.3026		1
2		5150		11150		0.0122		0.4049		1
2		5200		11200		0.0326		0.4333		1
2		5250		11250		0.0368		0.2214		1
2		5300		11300		0.0164		0.1963		1
2		5350		11350		0.0318		0.3446		1
2		5400		11400		0.0153		0.1739		1
2		5450		11450		0.0179		0.1736		1
2		5500		11500		0.0202		0.4969		1
2		5550		11550		0.0183		0.1663		1
2		5600		11600		0.0224		0.3526		1
2		5650		11650		0.0179		0.7712		1
2		5700		11700		0.0334		0.3377		1
2		5750		11750		0.0185		0.3834		1
2		5800		11800		0.0141		0.1843		1
2		5850		11850		0.0387		0.2531		1
2		5900		11900		0.0244		0.2020		1
2		5950		11950		0.0199		0.3742		1
2		6000		12000		0.0218		0.2034		1
3		50		12050		0.0146		0.0622		1
3		100		12100		0.0160		0.2039		1
3		150		12150		0.0201		0.1637		1
3		200		12200		0.0261		0.2517		1
3		250		12250		0.0197		0.2126		1
3		300		12300		0.0111		0.1282		1
3		350		12350		0.0373		0.1032		1
3		400		12400		0.0271		0.1725		1
3		450		12450		0.0120		0.0920		1
3		500		12500		0.0239		0.1272		1
3		550		12550		0.0163		0.3244		1
3		600		12600		0.0140		0.2426		1
3		650		12650		0.0140		0.0872		1
3		700		12700		0.0381		0.4403		1
3		750		12750		0.0266		0.3227		1
3		800		12800		0.0245		0.1786		1
3		850		12850		0.0223		0.1936		1
3		900		12900		0.0252		0.4511		1
3		950		12950		0.0165		0.2336		1
3		1000		13000		0.0155		0.1119		1
3		1050		13050		0.0223		0.2046		1
3		1100		13100		0.0544		0.1383		1
3		1150		13150		0.0550		0.6638		1
3		1200		13200		0.0261		0.1556		1
3		1250		13250		0.0140		0.1477		1
3		1300		13300		0.0347		0.1567		1
3		1350		13350		0.0317		0.1573		1
3		1400		13400		0.0178		0.0657		1
3		1450		13450		0.0286		0.2146		1
3		1500		13500		0.0108		0.0831		1
3		1550		13550		0.0293		0.2665		1
3		1600		13600		0.0263		0.2993		1
3		1650		13650		0.0133		0.1605		1
3		1700		13700		0.0180		0.2415		1
3		1750		13750		0.0158		0.1384		1
3		1800		13800		0.0132		0.1330		1
3		1850		13850		0.0171		0.2613		1
3		1900		13900		0.0155		0.0521		1
3		1950		13950		0.0235		0.2659		1
3		2000		14000		0.0647		0.3141		1
3		2050		14050		0.0218		0.1406		1
3		2100		14100		0.0281		0.2551		1
3		2150		14150		0.0181		0.2994		1
3		2200		14200		0.0154		0.2049		1
3		2250		14250		0.0135		0.0698		1
3		2300		14300		0.0328		0.1445		1
3		2350		14350		0.0182		0.1592		1
3		2400		14400		0.0253		0.2231		1
3		2450		14450		0.0116		0.0543		1
3		2500		14500		0.0203		0.3209		1
3		2550		14550		0.0221		0.2773		1
3		2600		14600		0.0212		0.2212		1
3		2650		14650		0.0218		0.3409		1
3		2700		14700		0.0207		0.2203		1
3		2750		14750		0.0235		0.0991		1
3		2800		14800		0.0168		0.0354		1
3		2850		14850		0.0135		0.0334		1
3		2900		14900		0.0291		0.1176		1
3		2950		14950		0.0311		0.1035		1
3		3000		15000		0.0273		0.1601		1
3		3050		15050		0.0218		0.2386		1
3		3100		15100		0.0237		0.1897		1
3		3150		15150		0.0217		0.1233		1
3		3200		15200		0.0201		0.1286		1
3		3250		15250		0.0138		0.0544		1
3		3300		15300		0.0273		0.0950		1
3		3350		15350		0.0144		0.0828		1
3		3400		15400		0.0205		0.0370		1
3		3450		15450		0.0105		0.0675		1
3		3500		15500		0.0360		0.2911		1
3		3550		15550		0.0127		0.3695		1
3		3600		15600		0.0336		0.0805		1
3		3650		15650		0.0165		0.1722		1
3		3700		15700		0.0146		0.1204		1
3		3750		15750		0.0134		0.1754		1
3		3800		15800		0.0279		0.1588		1
3		3850		15850		0.0200		0.0643		1
3		3900		15900		0.0104		0.0638		1
3		3950		15950		0.0148		0.1524		1
3		4000		16000		0.0216		0.0178		1
3		4050		16050		0.0127		0.0962		1
3		4100		16100		0.0120		0.1581		1
3		4150		16150		0.0170		0.1109		1
3		4200		16200		0.0200		0.0918		1
3		4250		16250		0.0101		0.0788		1
3		4300		16300		0.0226		0.0928		1
3		4350		16350		0.0262		0.4263		1
3		4400		16400		0.0199		0.1700		1
3		4450		16450		0.0186		0.1097		1
3		4500		16500		0.0201		0.2749		1
3		4550		16550		0.0243		0.1487		1
3		4600		16600		0.0185		0.1092		1
3		4650		16650		0.0314		0.0591		1
3		4700		16700		0.0232		0.1241		1
3		4750		16750		0.0174		0.0716		1
3		4800		16800		0.0207		0.1083		1
3		4850		16850		0.0272		0.4658		1
3		4900		16900		0.0217		0.0627		1
3		4950		16950		0.0470		0.0368		1
3		5000		17000		0.0212		0.1066		1
3		5050		17050		0.0199		0.0491		1
3		5100		17100		0.0136		0.1699		1
3		5150		17150		0.0188		0.0234		1
3		5200		17200		0.0236		0.1059		1
3		5250		17250		0.0110		0.2763		1
3		5300		17300		0.0126		0.1133		1
3		5350		17350		0.0578		0.1745		1
3		5400		17400		0.0208		0.1868		1
3		5450		17450		0.0128		0.2037		1
3		5500		17500		0.0160		0.0489		1
3		5550		17550		0.0207		0.1788		1
3		5600		17600		0.0199		0.2270		1
3		5650		17650		0.0199		0.3263		1
3		5700		17700		0.0138		0.0928		1
3		5750		17750		0.0172		0.0680		1
3		5800		17800		0.0249		0.1900		1
3		5850		17850		0.0216		0.0490		1
3		5900		17900		0.0138		0.2430		1
3		5950		17950		0.0254		0.0394		1
3		6000		18000		0.0216		0.5604		1
4		50		18050		0.0183		0.4734		1
4		100		18100		0.0198		0.2510		1
4		150		18150		0.0155		0.0475		1
4		200		18200		0.0158		0.1162		1
4		250		18250		0.0225		0.2807		1
4		300		18300		0.0214		0.0560		1
4		350		18350		0.0140		0.2495		1
4		400		18400		0.0134		0.0471		1
4		450		18450		0.0167		0.0709		1
4		500		18500		0.0248		0.0827		1
4		550		18550		0.0153		0.1563		1
4		600		18600		0.0139		0.1527		1
4		650		18650		0.0174		0.2301		1
4		700		18700		0.0163		0.2323		1
4		750		18750		0.0112		0.0793		1
4		800		18800		0.0216		0.0944		1
4		850		18850		0.0111		0.0666		1
4		900		18900		0.0206		0.0917		1
4		950		18950		0.0193		0.1747		1
4		1000		19000		0.0207		0.2717		1
4		1050		19050		0.0245		0.3904		1
4		1100		19100		0.0142		0.2373		1
4		1150		19150		0.0143		0.1822		1
4		1200		19200		0.0152		0.0461		1
4		1250		19250		0.0206		0.4234		1
4		1300		19300		0.0233		0.3279		1
4		1350		19350		0.0141		0.0345		1
4		1400		19400		0.0200		0.0411		1
4		1450		19450		0.0164		0.0625		1
4		1500		19500		0.0117		0.1367		1
4		1550		19550		0.0175		0.0327		1
4		1600		19600		0.0283		0.1333		1
4		1650		19650		0.0196		0.0376		1
4		1700		19700		0.0241		0.1998		1
4		1750		19750		0.0120		0.1561		1
4		1800		19800		0.0221		0.1172		1
4		1850		19850		0.0244		0.2236		1
4		1900		19900		0.0184		0.0700		1
4		1950		19950		0.0312		0.4546		1
4		2000		20000		0.0158		0.0390		1
4		2050		20050		0.0119		0.0167		1
4		2100		20100		0.0131		0.0678		1
4		2150		20150		0.0187		0.1118		1
4		2200		20200		0.0197		0.1461		1
4		2250		20250		0.0170		0.1070		1
4		2300		20300		0.0240		0.0610		1
4		2350		20350		0.0110		0.0659		1
4		2400		20400		0.0137		0.0615		1
4		2450		20450		0.0153		0.1294		1
4		2500		20500		0.0108		0.0235		1
4		2550		20550		0.0142		0.1500		1
4		2600		20600		0.0127		0.0674		1
4		2650		20650		0.0191		0.3285		1
4		2700		20700		0.0190		0.0798		1
4		2750		20750		0.0171		0.3247		1
4		2800		20800		0.0114		0.0698		1
4		2850		20850		0.0137		0.0944		1
4		2900		20900		0.0267		0.1996		1
4		2950		20950		0.0212		0.3299		1
4		3000		21000		0.0286		0.1991		1
4		3050		21050		0.0306		0.1545		1
4		3100		21100		0.0186		0.2756		1
4		3150		21150		0.0111		0.0533		1
4		3200		21200		0.0203		0.1292		1
4		3250		21250		0.0591		0.8341		1
4		3300		21300		0.0158		0.1149		1
4		3350		21350		0.0136		0.1029		1
4		3400		21400		0.0168		0.0676		1
4		3450		21450		0.0185		0.1359		1
4		3500		21500		0.0099		0.2225		1
4		3550		21550		0.0214		0.0924		1
4		3600		21600		0.0105		0.1788		1
4		3650		21650		0.0221		0.2270		1
4		3700		21700		0.0120		0.0612		1
4		3750		21750		0.0193		0.3438		1
4		3800		21800		0.0101		0.0352		1
4		3850		21850		0.0139		0.1393		1
4		3900		21900		0.0103		0.1432		1
4		3950		21950		0.0173		0.0342		1
4		4000		22000		0.0117		0.0199		1
4		4050		22050		0.0109		0.0247		1
4		4100		22100		0.0084		0.0248		1
4		4150		22150		0.0108		0.0556		1
4		4200		22200		0.0205		0.0791		1
4		4250		22250		0.0179		0.0254		1
4		4300		22300		0.0111		0.2114		1
4		4350		22350		0.0093		0.0562		1
4		4400		22400		0.0226		0.1346		1
4		4450		22450		0.0660		0.5029		1
4		4500		22500		0.0130		0.2402		1
4		4550		22550		0.0206		0.2333		1
4		4600		22600		0.0136		0.0899		1
4		4650		22650		0.0172		0.3749		1
4		4700		22700		0.0112		0.0253		1
4		4750		22750		0.0218		0.0294		1
4		4800		22800		0.0232		0.0763		1
4		4850		22850		0.0215		0.1386		1
4		4900		22900		0.0254		0.2042		1
4		4950		22950		0.0174		0.0466		1
4		5000		23000		0.0137		0.0476		1
4		5050		23050		0.0115		0.0212		1
4		5100		23100		0.0149		0.1948		1
4		5150		23150		0.0194		0.0998		1
4		5200		23200		0.0334		0.4548		1
4		5250		23250		0.0187		0.0538		1
4		5300		23300		0.0213		0.1987		1
4		5350		23350		0.0277		0.1078		1
4		5400		23400		0.0089		0.0130		1
4		5450		23450		0.0193		0.0260		1
4		5500		23500		0.0102		0.1239		1
4		5550		23550		0.0140		0.0215		1
4		5600		23600		0.0105		0.0462		1
4		5650		23650		0.0142		0.1887		1
4		5700		23700		0.0171		0.1501		1
4		5750		23750		0.0113		0.0158		1
4		5800		23800		0.0102		0.1216		1
4		5850		23850		0.0165		0.0362		1
4		5900		23900		0.0088		0.0071		1
4		5950		23950		0.0202		0.0242		1
4		6000		24000		0.0634		0.3707		1
5		50		24050		0.0314		0.4378		1
5		100		24100		0.0538		0.0897		1
5		150		24150		0.0195		0.0065		1
5		200		24200		0.0164		0.0757		1
5		250		24250		0.0232		0.0627		1
5		300		24300		0.0239		0.0309		1
5		350		24350		0.0162		0.0208		1
5		400		24400		0.0181		0.2826		1
5		450		24450		0.0129		0.0311		1
5		500		24500		0.0198		0.0464		1
5		550		24550		0.0129		0.1889		1
5		600		24600		0.0111		0.1247		1
5		650		24650		0.0142		0.0188		1
5		700		24700		0.0269		0.0724		1
5		750		24750		0.0083		0.0245		1
5		800		24800		0.0115		0.0047		1
5		850		24850		0.0175		0.3790		1
5		900		24900		0.0130		0.1906		1
5		950		24950		0.0084		0.1954		1
5		1000		25000		0.0203		0.3691		1
5		1050		25050		0.0152		0.0394		1
5		1100		25100		0.0156		0.4341		1
5		1150		25150		0.0232		0.0404		1
5		1200		25200		0.0141		0.0518		1
5		1250		25250		0.0237		0.0706		1
5		1300		25300		0.0181		0.1564		1
5		1350		25350		0.0160		0.0490		1
5		1400		25400		0.0106		0.0176		1
5		1450		25450		0.0132		0.0436		1
5		1500		25500		0.0119		0.0142		1
5		1550		25550		0.0116		0.0095		1
5		1600		25600		0.0095		0.0304		1
5		1650		25650		0.0100		0.0152		1
5		1700		25700		0.0162		0.1732		1
5		1750		25750		0.0150		0.0196		1
5		1800		25800		0.0083		0.0136		1
5		1850		25850		0.0178		0.0792		1
5		1900		25900		0.0121		0.0822		1
5		1950		25950		0.0107		0.0958		1
5		2000		26000		0.0273		0.1501		1
5		2050		26050		0.0120		0.0920		1
5		2100		26100		0.0116		0.1521		1
5		2150		26150		0.0253		0.2092		1
5		2200		26200		0.0226		0.0912		1
5		2250		26250		0.0140		0.0861		1
5		2300		26300		0.0153		0.1509		1
5		2350		26350		0.0122		0.5389		1
5		2400		26400		0.0087		0.1174		1
5		2450		26450		0.0240		0.0166		1
5		2500		26500		0.0218		0.1700		1
5		2550		26550		0.0106		0.0208		1
5		2600		26600		0.0157		0.0167		1
5		2650		26650		0.0137		0.0149		1
5		2700		26700		0.0116		0.0248		1
5		2750		26750		0.0202		0.0568		1
5		2800		26800		0.0130		0.0775		1
5		2850		26850		0.0215		0.0175		1
5		2900		26900		0.0193		0.2401		1
5		2950		26950		0.0146		0.0533		1
5		3000		27000		0.0239		0.1708		1
5		3050		27050		0.0124		0.0077		1
5		3100		27100		0.0081		0.0424		1
5		3150		27150		0.0118		0.0471		1
5		3200		27200		0.0200		0.2812		1
5		3250		27250		0.0155		0.1179		1
5		3300		27300		0.0135		0.0358		1
5		3350		27350		0.0072		0.0031		1
5		3400		27400		0.0109		0.0068		1
5		3450		27450		0.0422		0.1816		1
5		3500		27500		0.0110		0.0541		1
5		3550		27550		0.0474		0.1194		1
5		3600		27600		0.0123		0.1685		1
5		3650		27650		0.0084		0.0079		1
5		3700		27700		0.0173		0.1061		1
5		3750		27750		0.0182		0.0791		1
5		3800		27800		0.0222		0.2716		1
5		3850		27850		0.0152		0.0249		1
5		3900		27900		0.0110		0.0029		1
5		3950		27950		0.0192		0.3807		1
5		4000		28000		0.0124		0.0543		1
5		4050		28050		0.0162		0.0415		1
5		4100		28100		0.0119		0.0108		1
5		4150		28150		0.0141		0.0353		1
5		4200		28200		0.0134		0.0109		1
5		4250		28250		0.0103		0.0054		1
5		4300		28300		0.0186		0.0263		1
5		4350		28350		0.0182		0.1490		1
5		4400		28400		0.0183		0.1580		1
5		4450		28450		0.0103		0.0330		1
5		4500		28500		0.0109		0.0282		1
5		4550		28550		0.0128		0.0264		1
5		4600		28600		0.0173		0.1116		1
5		4650		28650		0.0091		0.0457		1
5		4700		28700		0.0100		0.0390		1
5		4750		28750		0.0161		0.0146		1
5		4800		28800		0.0180		0.0307		1
5		4850		28850		0.0125		0.0233		1
5		4900		28900		0.0132		0.0991		1
5		4950		28950		0.0143		0.1332		1
5		5000		29000		0.0141		0.0028		1
5		5050		29050		0.0115		0.0790		1
5		5100		29100		0.0184		0.0292		1
5		5150		29150		0.0138		0.0450		1
5		5200		29200		0.0114		0.0483		1
5		5250		29250		0.0143		0.0776		1
5		5300		29300		0.0129		0.0040		1
5		5350		29350		0.0138		0.0188		1
5		5400		29400		0.0190		0.0649		1
5		5450		29450		0.0172		0.0054		1
5		5500		29500		0.0190		0.0259		1
5		5550		29550		0.0110		0.1599		1
5		5600		29600		0.0149		0.0241		1
5		5650		29650		0.0182		0.0810		1
5		5700		29700		0.0121		0.0116		1
5		5750		29750		0.0121		0.1196		1
5		5800		29800		0.0136		0.0797		1
5		5850		29850		0.0138		0.0634		1
5		5900		29900		0.0098		0.0381		1
5		5950		29950		0.0123		0.0098		1
5		6000		30000		0.0112		0.0317		1